-1 -1 -1 8
0 0 0 8
1 1 1 9
2 2 2 9
3 3 3 9
-4 -4 -4 9
-3 -3 -3 9
-2 -2 -2 9
-1 -1 -1 9
0 0 0 9
1 1 1 9
2 2 2 10
3 3 3 10
4 4 4 11
5 5 5 11
6 6 6 12
-6 -6 -6 10
-5 -5 -5 10
-4 -4 -4 10
-3 -3 -3 9
-2 -2 -2 9
-1 -1 -1 9
0 0 0 10
1 1 1 10
2 2 2 10
3 3 3 11
4 4 4 11
5 5 5 12
6 6 6 12
7 7 7 13
8 8 8 14
-7 -7 -7 9
-6 -6 -6 10
-5 -5 -5 11
-4 -4 -4 10
-3 -3 -3 10
-2 -2 -2 10
-1 -1 -1 10
0 0 0 10
1 1 1 11
2 2 2 11
3 3 3 11
4 4 4 12
5 5 5 12
6 6 6 13
7 7 7 13
8 8 8 14
9 9 9 15
-8 -8 -8 8
-7 -7 -7 9
-6 -6 -6 10
-5 -5 -5 11
-4 -4 -4 11
-3 -3 -3 11
-2 -2 -2 11
-1 -1 -1 11
0 0 0 11
1 1 1 11
2 2 2 12
3 3 3 12
4 4 4 12
5 5 5 13
6 6 6 13
7 7 7 14
8 8 8 15
9 9 9 15
10 10 10 16
-9 -9 -9 7
-8 -8 -8 8
-7 -7 -7 9
-6 -6 -6 9
-5 -5 -5 10
-4 -4 -4 11
-3 -3 -3 12
-2 -2 -2 12
-1 -1 -1 12
0 0 0 12
1 1 1 12
2 2 2 12
3 3 3 13
4 4 4 13
5 5 5 14
6 6 6 14
7 7 7 15
8 8 8 15
9 9 9 16
10 10 10 17
11 11 11 17
-10 -10 -10 6
-9 -9 -9 7
-8 -8 -8 7
-7 -7 -7 8
-6 -6 -6 9
-5 -5 -5 10
-4 -4 -4 11
-3 -3 -3 12
-2 -2 -2 13
-1 -1 -1 13
0 0 0 13
1 1 1 13
2 2 2 13
3 3 3 13
4 4 4 14
5 5 5 14
6 6 6 15
7 7 7 15
8 8 8 16
9 9 9 17
10 10 10 17
11 11 11 18
12 12 12 19
-11 -11 -11 5
-10 -10 -10 5
-9 -9 -9 6
-8 -8 -8 7
-7 -7 -7 8
-6 -6 -6 9
-5 -5 -5 10
-4 -4 -4 11
-3 -3 -3 12
-2 -2 -2 13
-1 -1 -1 13
0 0 0 14
1 1 1 14
2 2 2 14
3 3 3 14
4 4 4 15
5 5 5 15
6 6 6 16
7 7 7 16
8 8 8 17
9 9 9 17
10 10 10 18
11 11 11 19
12 12 12 19
13 13 13 20
-11 -11 -11 5
-10 -10 -10 5
-9 -9 -9 6
-8 -8 -8 7
-7 -7 -7 8
-6 -6 -6 9
-5 -5 -5 10
-4 -4 -4 11
-3 -3 -3 12
-2 -2 -2 13
-1 -1 -1 14
0 0 0 14
1 1 1 15
2 2 2 15
3 3 3 15
4 4 4 15
5 5 5 16
6 6 6 16
7 7 7 17
8 8 8 17
9 9 9 18
10 10 10 19
11 11 11 19
12 12 12 20
13 13 13 21
-12 -12 -12 4
-11 -11 -11 5
-10 -10 -10 5
-9 -9 -9 6
-8 -8 -8 7
-7 -7 -7 8
-6 -6 -6 9
-5 -5 -5 10
-4 -4 -4 11
-3 -3 -3 12
-2 -2 -2 13
-1 -1 -1 14
0 0 0 15
1 1 1 15
2 2 2 16
3 3 3 16
4 4 4 16
5 5 5 17
6 6 6 17
7 7 7 18
8 8 8 18
9 9 9 19
10 10 10 19
11 11 11 20
12 12 12 21
13 13 13 21
14 14 14 21
-12 -12 -12 4
-11 -11 -11 5
-10 -10 -10 6
-9 -9 -9 7
-8 -8 -8 7
-7 -7 -7 8
-6 -6 -6 9
-5 -5 -5 10
-4 -4 -4 11
-3 -3 -3 12
-2 -2 -2 13
-1 -1 -1 14
0 0 0 15
1 1 1 16
2 2 2 17
3 3 3 17
4 4 4 17
5 5 5 17
6 6 6 18
7 7 7 18
8 8 8 19
9 9 9 19
10 10 10 19
11 11 11 20
12 12 12 20
13 13 13 20
14 14 14 21
-12 -12 -12 5
-11 -11 -11 5
-10 -10 -10 6
-9 -9 -9 7
-8 -8 -8 8
-7 -7 -7 9
-6 -6 -6 9
-5 -5 -5 10
-4 -4 -4 11
-3 -3 -3 12
-2 -2 -2 13
-1 -1 -1 14
0 0 0 15
1 1 1 16
2 2 2 17
3 3 3 18
4 4 4 18
5 5 5 18
6 6 6 18
7 7 7 18
8 8 8 18
9 9 9 18
10 10 10 19
11 11 11 19
12 12 12 19
13 13 13 19
14 14 14 20
-13 -13 -13 5
-12 -12 -12 5
-11 -11 -11 6
-10 -10 -10 7
-9 -9 -9 7
-8 -8 -8 8
-7 -7 -7 9
-6 -6 -6 10
-5 -5 -5 11
-4 -4 -4 12
-3 -3 -3 13
-2 -2 -2 13
-1 -1 -1 14
0 0 0 15
1 1 1 16
2 2 2 17
3 3 3 18
4 4 4 17
5 5 5 17
6 6 6 17
7 7 7 17
8 8 8 17
9 9 9 18
10 10 10 18
11 11 11 18
12 12 12 18
13 13 13 19
14 14 14 19
15 15 15 19
-13 -13 -13 6
-12 -12 -12 6
-11 -11 -11 7
-10 -10 -10 7
-9 -9 -9 8
-8 -8 -8 9
-7 -7 -7 9
-6 -6 -6 10
-5 -5 -5 11
-4 -4 -4 12
-3 -3 -3 13
-2 -2 -2 14
-1 -1 -1 15
0 0 0 16
1 1 1 17
2 2 2 17
3 3 3 17
4 4 4 17
5 5 5 17
6 6 6 17
7 7 7 17
8 8 8 17
9 9 9 17
10 10 10 17
11 11 11 17
12 12 12 18
13 13 13 18
14 14 14 18
15 15 15 19
-13 -13 -13 7
-12 -12 -12 7
-11 -11 -11 7
-10 -10 -10 8
-9 -9 -9 9
-8 -8 -8 9
-7 -7 -7 10
-6 -6 -6 11
-5 -5 -5 12
-4 -4 -4 12
-3 -3 -3 13
-2 -2 -2 14
-1 -1 -1 15
0 0 0 16
1 1 1 17
2 2 2 16
3 3 3 16
4 4 4 16
5 5 5 16
6 6 6 16
7 7 7 16
8 8 8 16
9 9 9 16
10 10 10 16
11 11 11 17
12 12 12 17
13 13 13 17
14 14 14 18
15 15 15 18
-13 -13 -13 7
-12 -12 -12 8
-11 -11 -11 8
-10 -10 -10 9
-9 -9 -9 9
-8 -8 -8 10
-7 -7 -7 11
-6 -6 -6 11
-5 -5 -5 12
-4 -4 -4 13
-3 -3 -3 14
-2 -2 -2 15
-1 -1 -1 15
0 0 0 16
1 1 1 16
2 2 2 16
3 3 3 15
4 4 4 15
5 5 5 15
6 6 6 15
7 7 7 15
8 8 8 15
9 9 9 15
10 10 10 16
11 11 11 16
12 12 12 16
13 13 13 17
14 14 14 17
15 15 15 17
-13 -13 -13 8
-12 -12 -12 9
-11 -11 -11 9
-10 -10 -10 9
-9 -9 -9 10
-8 -8 -8 11
-7 -7 -7 11
-6 -6 -6 12
-5 -5 -5 13
-4 -4 -4 13
-3 -3 -3 14
-2 -2 -2 15
-1 -1 -1 16
0 0 0 16
1 1 1 15
2 2 2 15
3 3 3 15
4 4 4 15
5 5 5 14
6 6 6 14
7 7 7 14
8 8 8 15
9 9 9 15
10 10 10 15
11 11 11 15
12 12 12 16
13 13 13 16
14 14 14 16
15 15 15 17
-13 -13 -13 9
-12 -12 -12 9
-11 -11 -11 10
-10 -10 -10 10
-9 -9 -9 11
-8 -8 -8 11
-7 -7 -7 12
-6 -6 -6 13
-5 -5 -5 13
-4 -4 -4 14
-3 -3 -3 15
-2 -2 -2 16
-1 -1 -1 15
0 0 0 15
1 1 1 15
2 2 2 14
3 3 3 14
4 4 4 14
5 5 5 14
6 6 6 14
7 7 7 14
8 8 8 14
9 9 9 14
10 10 10 14
11 11 11 15
12 12 12 15
13 13 13 15
14 14 14 16
15 15 15 16
-13 -13 -13 10
-12 -12 -12 10
-11 -11 -11 11
-10 -10 -10 11
-9 -9 -9 12
-8 -8 -8 12
-7 -7 -7 13
-6 -6 -6 13
-5 -5 -5 14
-4 -4 -4 15
-3 -3 -3 15
-2 -2 -2 15
-1 -1 -1 15
0 0 0 14
1 1 1 14
2 2 2 14
3 3 3 13
4 4 4 13
5 5 5 13
6 6 6 13
7 7 7 13
8 8 8 13
9 9 9 13
10 10 10 14
11 11 11 14
12 12 12 14
13 13 13 15
14 14 14 15
15 15 15 16
-12 -12 -12 11
-11 -11 -11 12
-10 -10 -10 12
-9 -9 -9 12
-8 -8 -8 13
-7 -7 -7 13
-6 -6 -6 14
-5 -5 -5 15
-4 -4 -4 15
-3 -3 -3 15
-2 -2 -2 15
-1 -1 -1 14
0 0 0 14
1 1 1 13
2 2 2 13
3 3 3 13
4 4 4 13
5 5 5 13
6 6 6 13
7 7 7 13
8 8 8 13
9 9 9 13
10 10 10 13
11 11 11 13
12 12 12 14
13 13 13 14
14 14 14 15
-12 -12 -12 12
-11 -11 -11 13
-10 -10 -10 13
-9 -9 -9 13
-8 -8 -8 14
-7 -7 -7 14
-6 -6 -6 15
-5 -5 -5 15
-4 -4 -4 16
-3 -3 -3 15
-2 -2 -2 14
-1 -1 -1 14
0 0 0 13
1 1 1 13
2 2 2 13
3 3 3 12
4 4 4 12
5 5 5 12
6 6 6 12
7 7 7 12
8 8 8 12
9 9 9 12
10 10 10 13
11 11 11 13
12 12 12 13
13 13 13 14
14 14 14 14
-12 -12 -12 13
-11 -11 -11 13
-10 -10 -10 14
-9 -9 -9 14
-8 -8 -8 15
-7 -7 -7 15
-6 -6 -6 16
-5 -5 -5 16
-4 -4 -4 15
-3 -3 -3 15
-2 -2 -2 14
-1 -1 -1 13
0 0 0 13
1 1 1 13
2 2 2 12
3 3 3 12
4 4 4 12
5 5 5 12
6 6 6 12
7 7 7 12
8 8 8 12
9 9 9 12
10 10 10 12
11 11 11 13
12 12 12 13
13 13 13 13
14 14 14 14
-11 -11 -11 14
-10 -10 -10 15
-9 -9 -9 15
-8 -8 -8 15
-7 -7 -7 16
-6 -6 -6 16
-5 -5 -5 16
-4 -4 -4 15
-3 -3 -3 14
-2 -2 -2 14
-1 -1 -1 13
0 0 0 13
1 1 1 12
2 2 2 12
3 3 3 12
4 4 4 11
5 5 5 11
6 6 6 11
7 7 7 11
8 8 8 11
9 9 9 12
10 10 10 12
11 11 11 12
12 12 12 13
13 13 13 13
-11 -11 -11 15
-10 -10 -10 16
-9 -9 -9 16
-8 -8 -8 16
-7 -7 -7 17
-6 -6 -6 16
-5 -5 -5 15
-4 -4 -4 15
-3 -3 -3 14
-2 -2 -2 13
-1 -1 -1 13
0 0 0 12
1 1 1 12
2 2 2 12
3 3 3 11
4 4 4 11
5 5 5 11
6 6 6 11
7 7 7 11
8 8 8 11
9 9 9 11
10 10 10 12
11 11 11 12
12 12 12 12
13 13 13 13
-10 -10 -10 17
-9 -9 -9 17
-8 -8 -8 17
-7 -7 -7 16
-6 -6 -6 16
-5 -5 -5 15
-4 -4 -4 15
-3 -3 -3 14
-2 -2 -2 13
-1 -1 -1 13
0 0 0 12
1 1 1 12
2 2 2 11
3 3 3 11
4 4 4 11
5 5 5 11
6 6 6 11
7 7 7 11
8 8 8 11
9 9 9 11
10 10 10 11
11 11 11 12
12 12 12 12
-9 -9 -9 17
-8 -8 -8 16
-7 -7 -7 16
-6 -6 -6 16
-5 -5 -5 15
-4 -4 -4 14
-3 -3 -3 14
-2 -2 -2 13
-1 -1 -1 13
0 0 0 12
1 1 1 12
2 2 2 11
3 3 3 11
4 4 4 11
5 5 5 11
6 6 6 11
7 7 7 11
8 8 8 11
9 9 9 11
10 10 10 11
11 11 11 11
-8 -8 -8 16
-7 -7 -7 16
-6 -6 -6 16
-5 -5 -5 15
-4 -4 -4 14
-3 -3 -3 14
-2 -2 -2 13
-1 -1 -1 13
0 0 0 12
1 1 1 12
2 2 2 11
3 3 3 11
4 4 4 11
5 5 5 11
6 6 6 11
7 7 7 11
8 8 8 11
9 9 9 11
10 10 10 11
-7 -7 -7 16
-6 -6 -6 15
-5 -5 -5 15
-4 -4 -4 14
-3 -3 -3 14
-2 -2 -2 13
-1 -1 -1 13
0 0 0 12
1 1 1 12
2 2 2 11
3 3 3 11
4 4 4 11
5 5 5 11
6 6 6 11
7 7 7 10
8 8 8 10
9 9 9 10
-6 -6 -6 15
-5 -5 -5 15
-4 -4 -4 15
-3 -3 -3 14
-2 -2 -2 13
-1 -1 -1 13
0 0 0 12
1 1 1 12
2 2 2 11
3 3 3 11
4 4 4 11
5 5 5 11
6 6 6 10
7 7 7 10
8 8 8 10
-4 -4 -4 15
-3 -3 -3 14
-2 -2 -2 13
-1 -1 -1 13
0 0 0 12
1 1 1 12
2 2 2 12
3 3 3 11
4 4 4 11
5 5 5 10
6 6 6 10
-1 -1 -1 13
0 0 0 13
1 1 1 12
2 2 2 12
3 3 3 11
-1 -1 -1 10
0 0 0 10
1 1 1 10
2 2 2 10
3 3 3 11
-3 -3 -3 10
-2 -2 -2 10
-1 -1 -1 10
0 0 0 10
1 1 1 11
2 2 2 11
3 3 3 11
4 4 4 12
5 5 5 12
-5 -5 -5 11
-4 -4 -4 11
-3 -3 -3 11
-2 -2 -2 11
-1 -1 -1 11
0 0 0 11
1 1 1 11
2 2 2 12
3 3 3 12
4 4 4 12
5 5 5 13
6 6 6 13
7 7 7 14
-7 -7 -7 9
-6 -6 -6 10
-5 -5 -5 10
-4 -4 -4 11
-3 -3 -3 12
-2 -2 -2 12
-1 -1 -1 12
0 0 0 12
1 1 1 12
2 2 2 12
3 3 3 13
4 4 4 13
5 5 5 13
6 6 6 14
7 7 7 15
8 8 8 15
9 9 9 16
-8 -8 -8 7
-7 -7 -7 8
-6 -6 -6 9
-5 -5 -5 10
-4 -4 -4 11
-3 -3 -3 12
-2 -2 -2 12
-1 -1 -1 12
0 0 0 12
1 1 1 13
2 2 2 13
3 3 3 13
4 4 4 14
5 5 5 14
6 6 6 15
7 7 7 15
8 8 8 16
9 9 9 16
10 10 10 17
-9 -9 -9 6
-8 -8 -8 7
-7 -7 -7 8
-6 -6 -6 9
-5 -5 -5 10
-4 -4 -4 11
-3 -3 -3 12
-2 -2 -2 13
-1 -1 -1 13
0 0 0 13
1 1 1 13
2 2 2 14
3 3 3 14
4 4 4 14
5 5 5 15
6 6 6 15
7 7 7 16
8 8 8 16
9 9 9 17
10 10 10 18
11 11 11 18
-9 -9 -9 6
-8 -8 -8 7
-7 -7 -7 8
-6 -6 -6 9
-5 -5 -5 10
-4 -4 -4 11
-3 -3 -3 12
-2 -2 -2 13
-1 -1 -1 14
0 0 0 14
1 1 1 14
2 2 2 14
3 3 3 15
4 4 4 15
5 5 5 16
6 6 6 16
7 7 7 17
8 8 8 17
9 9 9 18
10 10 10 18
11 11 11 19
-10 -10 -10 5
-9 -9 -9 6
-8 -8 -8 7
-7 -7 -7 8
-6 -6 -6 9
-5 -5 -5 10
-4 -4 -4 11
-3 -3 -3 12
-2 -2 -2 13
-1 -1 -1 14
0 0 0 15
1 1 1 15
2 2 2 15
3 3 3 16
4 4 4 16
5 5 5 16
6 6 6 17
7 7 7 17
8 8 8 18
9 9 9 18
10 10 10 19
11 11 11 20
12 12 12 20
-10 -10 -10 5
-9 -9 -9 6
-8 -8 -8 7
-7 -7 -7 8
-6 -6 -6 9
-5 -5 -5 10
-4 -4 -4 11
-3 -3 -3 12
-2 -2 -2 13
-1 -1 -1 14
0 0 0 15
1 1 1 16
2 2 2 16
3 3 3 16
4 4 4 17
5 5 5 17
6 6 6 18
7 7 7 18
8 8 8 18
9 9 9 19
10 10 10 20
11 11 11 20
12 12 12 20
-11 -11 -11 4
-10 -10 -10 5
-9 -9 -9 6
-8 -8 -8 7
-7 -7 -7 8
-6 -6 -6 9
-5 -5 -5 10
-4 -4 -4 11
-3 -3 -3 12
-2 -2 -2 13
-1 -1 -1 14
0 0 0 15
1 1 1 16
2 2 2 17
3 3 3 17
4 4 4 18
5 5 5 18
6 6 6 18
7 7 7 18
8 8 8 18
9 9 9 19
10 10 10 19
11 11 11 19
12 12 12 19
13 13 13 20
-11 -11 -11 5
-10 -10 -10 6
-9 -9 -9 7
-8 -8 -8 7
-7 -7 -7 8
-6 -6 -6 9
-5 -5 -5 10
-4 -4 -4 11
-3 -3 -3 12
-2 -2 -2 13
-1 -1 -1 14
0 0 0 15
1 1 1 16
2 2 2 17
3 3 3 18
4 4 4 18
5 5 5 18
6 6 6 18
7 7 7 18
8 8 8 18
9 9 9 18
10 10 10 18
11 11 11 18
12 12 12 19
13 13 13 19
-12 -12 -12 5
-11 -11 -11 6
-10 -10 -10 6
-9 -9 -9 7
-8 -8 -8 8
-7 -7 -7 9
-6 -6 -6 10
-5 -5 -5 10
-4 -4 -4 11
-3 -3 -3 12
-2 -2 -2 13
-1 -1 -1 14
0 0 0 15
1 1 1 16
2 2 2 17
3 3 3 17
4 4 4 17
5 5 5 17
6 6 6 17
7 7 7 17
8 8 8 17
9 9 9 17
10 10 10 17
11 11 11 17
12 12 12 18
13 13 13 18
14 14 14 18
-12 -12 -12 6
-11 -11 -11 6
-10 -10 -10 7
-9 -9 -9 8
-8 -8 -8 8
-7 -7 -7 9
-6 -6 -6 10
-5 -5 -5 11
-4 -4 -4 12
-3 -3 -3 13
-2 -2 -2 14
-1 -1 -1 15
0 0 0 15
1 1 1 16
2 2 2 16
3 3 3 16
4 4 4 16
5 5 5 16
6 6 6 16
7 7 7 16
8 8 8 16
9 9 9 16
10 10 10 16
11 11 11 17
12 12 12 17
13 13 13 17
14 14 14 18
-12 -12 -12 7
-11 -11 -11 7
-10 -10 -10 8
-9 -9 -9 8
-8 -8 -8 9
-7 -7 -7 10
-6 -6 -6 11
-5 -5 -5 11
-4 -4 -4 12
-3 -3 -3 13
-2 -2 -2 14
-1 -1 -1 15
0 0 0 16
1 1 1 16
2 2 2 16
3 3 3 15
4 4 4 15
5 5 5 15
6 6 6 15
7 7 7 15
8 8 8 15
9 9 9 15
10 10 10 16
11 11 11 16
12 12 12 16
13 13 13 17
14 14 14 17
-12 -12 -12 7
-11 -11 -11 8
-10 -10 -10 8
-9 -9 -9 9
-8 -8 -8 10
-7 -7 -7 10
-6 -6 -6 11
-5 -5 -5 12
-4 -4 -4 13
-3 -3 -3 14
-2 -2 -2 14
-1 -1 -1 15
0 0 0 16
1 1 1 15
2 2 2 15
3 3 3 15
4 4 4 15
5 5 5 14
6 6 6 14
7 7 7 14
8 8 8 15
9 9 9 15
10 10 10 15
11 11 11 15
12 12 12 16
13 13 13 16
14 14 14 16
-12 -12 -12 8
-11 -11 -11 9
-10 -10 -10 9
-9 -9 -9 10
-8 -8 -8 10
-7 -7 -7 11
-6 -6 -6 12
-5 -5 -5 12
-4 -4 -4 13
-3 -3 -3 14
-2 -2 -2 15
-1 -1 -1 15
0 0 0 15
1 1 1 15
2 2 2 14
3 3 3 14
4 4 4 14
5 5 5 14
6 6 6 14
7 7 7 14
8 8 8 14
9 9 9 14
10 10 10 14
11 11 11 15
12 12 12 15
13 13 13 15
14 14 14 16
-12 -12 -12 9
-11 -11 -11 10
-10 -10 -10 10
-9 -9 -9 11
-8 -8 -8 11
-7 -7 -7 12
-6 -6 -6 12
-5 -5 -5 13
-4 -4 -4 14
-3 -3 -3 15
-2 -2 -2 15
-1 -1 -1 15
0 0 0 14
1 1 1 14
2 2 2 14
3 3 3 13
4 4 4 13
5 5 5 13
6 6 6 13
7 7 7 13
8 8 8 13
9 9 9 13
10 10 10 14
11 11 11 14
12 12 12 14
13 13 13 15
14 14 14 15
-12 -12 -12 10
-11 -11 -11 10
-10 -10 -10 11
-9 -9 -9 11
-8 -8 -8 12
-7 -7 -7 12
-6 -6 -6 13
-5 -5 -5 14
-4 -4 -4 15
-3 -3 -3 15
-2 -2 -2 15
-1 -1 -1 14
0 0 0 14
1 1 1 13
2 2 2 13
3 3 3 13
4 4 4 12
5 5 5 12
6 6 6 12
7 7 7 12
8 8 8 12
9 9 9 13
10 10 10 13
11 11 11 13
12 12 12 14
13 13 13 14
14 14 14 15
-11 -11 -11 11
-10 -10 -10 12
-9 -9 -9 12
-8 -8 -8 13
-7 -7 -7 13
-6 -6 -6 14
-5 -5 -5 15
-4 -4 -4 15
-3 -3 -3 15
-2 -2 -2 14
-1 -1 -1 14
0 0 0 13
1 1 1 13
2 2 2 12
3 3 3 12
4 4 4 12
5 5 5 12
6 6 6 12
7 7 7 12
8 8 8 12
9 9 9 12
10 10 10 12
11 11 11 13
12 12 12 13
13 13 13 14
-11 -11 -11 12
-10 -10 -10 13
-9 -9 -9 13
-8 -8 -8 14
-7 -7 -7 14
-6 -6 -6 15
-5 -5 -5 15
-4 -4 -4 15
-3 -3 -3 14
-2 -2 -2 14
-1 -1 -1 13
0 0 0 13
1 1 1 12
2 2 2 12
3 3 3 12
4 4 4 11
5 5 5 11
6 6 6 11
7 7 7 11
8 8 8 11
9 9 9 12
10 10 10 12
11 11 11 12
12 12 12 13
13 13 13 13
-10 -10 -10 14
-9 -9 -9 14
-8 -8 -8 14
-7 -7 -7 15
-6 -6 -6 15
-5 -5 -5 15
-4 -4 -4 15
-3 -3 -3 14
-2 -2 -2 13
-1 -1 -1 13
0 0 0 12
1 1 1 12
2 2 2 11
3 3 3 11
4 4 4 11
5 5 5 11
6 6 6 11
7 7 7 11
8 8 8 11
9 9 9 11
10 10 10 11
11 11 11 12
12 12 12 12
-10 -10 -10 15
-9 -9 -9 15
-8 -8 -8 15
-7 -7 -7 16
-6 -6 -6 16
-5 -5 -5 15
-4 -4 -4 14
-3 -3 -3 14
-2 -2 -2 13
-1 -1 -1 12
0 0 0 12
1 1 1 11
2 2 2 11
3 3 3 11
4 4 4 10
5 5 5 10
6 6 6 10
7 7 7 10
8 8 8 10
9 9 9 11
10 10 10 11
11 11 11 11
12 12 12 12
-9 -9 -9 16
-8 -8 -8 16
-7 -7 -7 16
-6 -6 -6 15
-5 -5 -5 15
-4 -4 -4 14
-3 -3 -3 13
-2 -2 -2 13
-1 -1 -1 12
0 0 0 12
1 1 1 11
2 2 2 11
3 3 3 10
4 4 4 10
5 5 5 10
6 6 6 10
7 7 7 10
8 8 8 10
9 9 9 10
10 10 10 11
11 11 11 11
-9 -9 -9 16
-8 -8 -8 16
-7 -7 -7 16
-6 -6 -6 15
-5 -5 -5 15
-4 -4 -4 14
-3 -3 -3 13
-2 -2 -2 12
-1 -1 -1 12
0 0 0 11
1 1 1 11
2 2 2 10
3 3 3 10
4 4 4 10
5 5 5 10
6 6 6 10
7 7 7 10
8 8 8 10
9 9 9 10
10 10 10 10
11 11 11 11
-8 -8 -8 16
-7 -7 -7 15
-6 -6 -6 15
-5 -5 -5 14
-4 -4 -4 14
-3 -3 -3 13
-2 -2 -2 12
-1 -1 -1 12
0 0 0 11
1 1 1 11
2 2 2 10
3 3 3 10
4 4 4 10
5 5 5 10
6 6 6 10
7 7 7 10
8 8 8 10
9 9 9 10
10 10 10 10
-7 -7 -7 15
-6 -6 -6 15
-5 -5 -5 14
-4 -4 -4 14
-3 -3 -3 13
-2 -2 -2 12
-1 -1 -1 12
0 0 0 11
1 1 1 11
2 2 2 10
3 3 3 10
4 4 4 10
5 5 5 10
6 6 6 10
7 7 7 10
8 8 8 10
9 9 9 10
-5 -5 -5 14
-4 -4 -4 14
-3 -3 -3 13
-2 -2 -2 12
-1 -1 -1 12
0 0 0 11
1 1 1 11
2 2 2 10
3 3 3 10
4 4 4 10
5 5 5 10
6 6 6 10
7 7 7 10
-3 -3 -3 13
-2 -2 -2 12
-1 -1 -1 12
0 0 0 11
1 1 1 11
2 2 2 10
3 3 3 10
4 4 4 10
5 5 5 10
-1 -1 -1 12
0 0 0 12
1 1 1 11
2 2 2 11
3 3 3 10
-1 -1 -1 11
0 0 0 11
1 1 1 11
2 2 2 12
3 3 3 12
-3 -3 -3 12
-2 -2 -2 12
-1 -1 -1 12
0 0 0 12
1 1 1 12
2 2 2 12
3 3 3 13
4 4 4 13
5 5 5 13
-5 -5 -5 10
-4 -4 -4 11
-3 -3 -3 12
-2 -2 -2 12
-1 -1 -1 12
0 0 0 12
1 1 1 13
2 2 2 13
3 3 3 13
4 4 4 14
5 5 5 14
6 6 6 15
7 7 7 15
-6 -6 -6 9
-5 -5 -5 10
-4 -4 -4 11
-3 -3 -3 12
-2 -2 -2 13
-1 -1 -1 13
0 0 0 13
1 1 1 13
2 2 2 14
3 3 3 14
4 4 4 14
5 5 5 15
6 6 6 15
7 7 7 16
8 8 8 16
-7 -7 -7 8
-6 -6 -6 9
-5 -5 -5 10
-4 -4 -4 11
-3 -3 -3 12
-2 -2 -2 13
-1 -1 -1 14
0 0 0 14
1 1 1 14
2 2 2 14
3 3 3 15
4 4 4 15
5 5 5 15
6 6 6 16
7 7 7 16
8 8 8 17
9 9 9 17
-8 -8 -8 7
-7 -7 -7 8
-6 -6 -6 9
-5 -5 -5 10
-4 -4 -4 11
-3 -3 -3 12
-2 -2 -2 13
-1 -1 -1 14
0 0 0 15
1 1 1 15
2 2 2 15
3 3 3 15
4 4 4 16
5 5 5 16
6 6 6 17
7 7 7 17
8 8 8 18
9 9 9 18
10 10 10 19
-9 -9 -9 6
-8 -8 -8 7
-7 -7 -7 8
-6 -6 -6 9
-5 -5 -5 10
-4 -4 -4 11
-3 -3 -3 12
-2 -2 -2 13
-1 -1 -1 14
0 0 0 15
1 1 1 16
2 2 2 16
3 3 3 16
4 4 4 16
5 5 5 17
6 6 6 17
7 7 7 18
8 8 8 18
9 9 9 19
10 10 10 19
11 11 11 20
-9 -9 -9 6
-8 -8 -8 7
-7 -7 -7 8
-6 -6 -6 9
-5 -5 -5 10
-4 -4 -4 11
-3 -3 -3 12
-2 -2 -2 13
-1 -1 -1 14
0 0 0 15
1 1 1 16
2 2 2 17
3 3 3 17
4 4 4 17
5 5 5 18
6 6 6 18
7 7 7 18
8 8 8 19
9 9 9 19
10 10 10 19
11 11 11 19
-10 -10 -10 5
-9 -9 -9 6
-8 -8 -8 7
-7 -7 -7 8
-6 -6 -6 9
-5 -5 -5 10
-4 -4 -4 11
-3 -3 -3 12
-2 -2 -2 13
-1 -1 -1 14
0 0 0 15
1 1 1 16
2 2 2 17
3 3 3 18
4 4 4 18
5 5 5 18
6 6 6 18
7 7 7 18
8 8 8 18
9 9 9 18
10 10 10 18
11 11 11 19
12 12 12 19
-10 -10 -10 5
-9 -9 -9 6
-8 -8 -8 7
-7 -7 -7 8
-6 -6 -6 9
-5 -5 -5 10
-4 -4 -4 11
-3 -3 -3 12
-2 -2 -2 13
-1 -1 -1 14
0 0 0 15
1 1 1 16
2 2 2 17
3 3 3 17
4 4 4 17
5 5 5 17
6 6 6 17
7 7 7 17
8 8 8 17
9 9 9 17
10 10 10 17
11 11 11 18
12 12 12 18
-11 -11 -11 5
-10 -10 -10 6
-9 -9 -9 7
-8 -8 -8 8
-7 -7 -7 9
-6 -6 -6 9
-5 -5 -5 10
-4 -4 -4 11
-3 -3 -3 12
-2 -2 -2 13
-1 -1 -1 14
0 0 0 15
1 1 1 16
2 2 2 17
3 3 3 16
4 4 4 16
5 5 5 16
6 6 6 16
7 7 7 16
8 8 8 16
9 9 9 16
10 10 10 17
11 11 11 17
12 12 12 17
13 13 13 18
-11 -11 -11 6
-10 -10 -10 7
-9 -9 -9 7
-8 -8 -8 8
-7 -7 -7 9
-6 -6 -6 10
-5 -5 -5 11
-4 -4 -4 12
-3 -3 -3 13
-2 -2 -2 13
-1 -1 -1 14
0 0 0 15
1 1 1 16
2 2 2 16
3 3 3 16
4 4 4 15
5 5 5 15
6 6 6 15
7 7 7 15
8 8 8 15
9 9 9 16
10 10 10 16
11 11 11 16
12 12 12 16
13 13 13 17
-11 -11 -11 7
-10 -10 -10 7
-9 -9 -9 8
-8 -8 -8 9
-7 -7 -7 10
-6 -6 -6 10
-5 -5 -5 11
-4 -4 -4 12
-3 -3 -3 13
-2 -2 -2 14
-1 -1 -1 15
0 0 0 16
1 1 1 15
2 2 2 15
3 3 3 15
4 4 4 15
5 5 5 15
6 6 6 15
7 7 7 15
8 8 8 15
9 9 9 15
10 10 10 15
11 11 11 15
12 12 12 16
13 13 13 16
-11 -11 -11 8
-10 -10 -10 8
-9 -9 -9 9
-8 -8 -8 9
-7 -7 -7 10
-6 -6 -6 11
-5 -5 -5 12
-4 -4 -4 13
-3 -3 -3 13
-2 -2 -2 14
-1 -1 -1 15
0 0 0 15
1 1 1 15
2 2 2 14
3 3 3 14
4 4 4 14
5 5 5 14
6 6 6 14
7 7 7 14
8 8 8 14
9 9 9 14
10 10 10 14
11 11 11 15
12 12 12 15
13 13 13 15
-11 -11 -11 9
-10 -10 -10 9
-9 -9 -9 10
-8 -8 -8 10
-7 -7 -7 11
-6 -6 -6 12
-5 -5 -5 12
-4 -4 -4 13
-3 -3 -3 14
-2 -2 -2 15
-1 -1 -1 15
0 0 0 14
1 1 1 14
2 2 2 14
3 3 3 13
4 4 4 13
5 5 5 13
6 6 6 13
7 7 7 13
8 8 8 13
9 9 9 13
10 10 10 14
11 11 11 14
12 12 12 14
13 13 13 15
-11 -11 -11 9
-10 -10 -10 10
-9 -9 -9 10
-8 -8 -8 11
-7 -7 -7 12
-6 -6 -6 12
-5 -5 -5 13
-4 -4 -4 14
-3 -3 -3 15
-2 -2 -2 15
-1 -1 -1 14
0 0 0 14
1 1 1 13
2 2 2 13
3 3 3 13
4 4 4 12
5 5 5 12
6 6 6 12
7 7 7 12
8 8 8 12
9 9 9 13
10 10 10 13
11 11 11 13
12 12 12 14
13 13 13 14
-11 -11 -11 10
-10 -10 -10 11
-9 -9 -9 11
-8 -8 -8 12
-7 -7 -7 12
-6 -6 -6 13
-5 -5 -5 14
-4 -4 -4 14
-3 -3 -3 15
-2 -2 -2 14
-1 -1 -1 13
0 0 0 13
1 1 1 13
2 2 2 12
3 3 3 12
4 4 4 12
5 5 5 12
6 6 6 12
7 7 7 12
8 8 8 12
9 9 9 12
10 10 10 12
11 11 11 13
12 12 12 13
13 13 13 13
-10 -10 -10 12
-9 -9 -9 12
-8 -8 -8 13
-7 -7 -7 13
-6 -6 -6 14
-5 -5 -5 14
-4 -4 -4 15
-3 -3 -3 14
-2 -2 -2 13
-1 -1 -1 13
0 0 0 12
1 1 1 12
2 2 2 12
3 3 3 11
4 4 4 11
5 5 5 11
6 6 6 11
7 7 7 11
8 8 8 11
9 9 9 11
10 10 10 12
11 11 11 12
12 12 12 12
-10 -10 -10 13
-9 -9 -9 13
-8 -8 -8 13
-7 -7 -7 14
-6 -6 -6 15
-5 -5 -5 15
-4 -4 -4 14
-3 -3 -3 14
-2 -2 -2 13
-1 -1 -1 12
0 0 0 12
1 1 1 11
2 2 2 11
3 3 3 11
4 4 4 11
5 5 5 10
6 6 6 10
7 7 7 10
8 8 8 11
9 9 9 11
10 10 10 11
11 11 11 11
12 12 12 12
-9 -9 -9 14
-8 -8 -8 14
-7 -7 -7 15
-6 -6 -6 15
-5 -5 -5 15
-4 -4 -4 14
-3 -3 -3 13
-2 -2 -2 13
-1 -1 -1 12
0 0 0 11
1 1 1 11
2 2 2 11
3 3 3 10
4 4 4 10
5 5 5 10
6 6 6 10
7 7 7 10
8 8 8 10
9 9 9 10
10 10 10 11
11 11 11 11
-9 -9 -9 15
-8 -8 -8 15
-7 -7 -7 16
-6 -6 -6 15
-5 -5 -5 14
-4 -4 -4 14
-3 -3 -3 13
-2 -2 -2 12
-1 -1 -1 12
0 0 0 11
1 1 1 11
2 2 2 10
3 3 3 10
4 4 4 10
5 5 5 9
6 6 6 9
7 7 7 9
8 8 8 10
9 9 9 10
10 10 10 10
11 11 11 11
-8 -8 -8 15
-7 -7 -7 15
-6 -6 -6 15
-5 -5 -5 14
-4 -4 -4 13
-3 -3 -3 13
-2 -2 -2 12
-1 -1 -1 11
0 0 0 11
1 1 1 10
2 2 2 10
3 3 3 9
4 4 4 9
5 5 5 9
6 6 6 9
7 7 7 9
8 8 8 9
9 9 9 9
10 10 10 10
-7 -7 -7 15
-6 -6 -6 14
-5 -5 -5 14
-4 -4 -4 13
-3 -3 -3 12
-2 -2 -2 12
-1 -1 -1 11
0 0 0 11
1 1 1 10
2 2 2 10
3 3 3 9
4 4 4 9
5 5 5 9
6 6 6 9
7 7 7 9
8 8 8 9
9 9 9 9
-6 -6 -6 14
-5 -5 -5 14
-4 -4 -4 13
-3 -3 -3 12
-2 -2 -2 12
-1 -1 -1 11
0 0 0 10
1 1 1 10
2 2 2 9
3 3 3 9
4 4 4 9
5 5 5 9
6 6 6 9
7 7 7 9
8 8 8 9
-5 -5 -5 13
-4 -4 -4 13
-3 -3 -3 12
-2 -2 -2 12
-1 -1 -1 11
0 0 0 10
1 1 1 10
2 2 2 9
3 3 3 9
4 4 4 9
5 5 5 9
6 6 6 9
7 7 7 9
-3 -3 -3 12
-2 -2 -2 12
-1 -1 -1 11
0 0 0 10
1 1 1 10
2 2 2 9
3 3 3 9
4 4 4 9
5 5 5 9
-1 -1 -1 11
0 0 0 11
1 1 1 10
2 2 2 10
3 3 3 9
-1 -1 -1 12
0 0 0 12
1 1 1 13
2 2 2 13
3 3 3 13
-3 -3 -3 12
-2 -2 -2 13
-1 -1 -1 13
0 0 0 13
1 1 1 13
2 2 2 14
3 3 3 14
4 4 4 14
5 5 5 15
-5 -5 -5 10
-4 -4 -4 11
-3 -3 -3 12
-2 -2 -2 13
-1 -1 -1 14
0 0 0 14
1 1 1 14
2 2 2 14
3 3 3 15
4 4 4 15
5 5 5 15
6 6 6 16
7 7 7 16
-6 -6 -6 9
-5 -5 -5 10
-4 -4 -4 11
-3 -3 -3 12
-2 -2 -2 13
-1 -1 -1 14
0 0 0 15
1 1 1 15
2 2 2 15
3 3 3 15
4 4 4 16
5 5 5 16
6 6 6 16
7 7 7 17
8 8 8 17
-7 -7 -7 8
-6 -6 -6 9
-5 -5 -5 10
-4 -4 -4 11
-3 -3 -3 12
-2 -2 -2 13
-1 -1 -1 14
0 0 0 15
1 1 1 15
2 2 2 16
3 3 3 16
4 4 4 16
5 5 5 17
6 6 6 17
7 7 7 18
8 8 8 18
9 9 9 19
-8 -8 -8 7
-7 -7 -7 8
-6 -6 -6 9
-5 -5 -5 10
-4 -4 -4 11
-3 -3 -3 12
-2 -2 -2 13
-1 -1 -1 14
0 0 0 15
1 1 1 16
2 2 2 16
3 3 3 17
4 4 4 17
5 5 5 17
6 6 6 18
7 7 7 18
8 8 8 19
9 9 9 19
10 10 10 20
-8 -8 -8 7
-7 -7 -7 8
-6 -6 -6 9
-5 -5 -5 10
-4 -4 -4 11
-3 -3 -3 12
-2 -2 -2 13
-1 -1 -1 14
0 0 0 15
1 1 1 16
2 2 2 17
3 3 3 17
4 4 4 18
5 5 5 18
6 6 6 18
7 7 7 18
8 8 8 18
9 9 9 19
10 10 10 19
-9 -9 -9 6
-8 -8 -8 7
-7 -7 -7 8
-6 -6 -6 9
-5 -5 -5 10
-4 -4 -4 11
-3 -3 -3 12
-2 -2 -2 13
-1 -1 -1 14
0 0 0 15
1 1 1 16
2 2 2 17
3 3 3 18
4 4 4 18
5 5 5 17
6 6 6 17
7 7 7 17
8 8 8 18
9 9 9 18
10 10 10 18
11 11 11 18
-9 -9 -9 6
-8 -8 -8 7
-7 -7 -7 8
-6 -6 -6 9
-5 -5 -5 10
-4 -4 -4 11
-3 -3 -3 12
-2 -2 -2 13
-1 -1 -1 14
0 0 0 15
1 1 1 16
2 2 2 17
3 3 3 17
4 4 4 17
5 5 5 17
6 6 6 17
7 7 7 17
8 8 8 17
9 9 9 17
10 10 10 17
11 11 11 17
-10 -10 -10 6
-9 -9 -9 7
-8 -8 -8 8
-7 -7 -7 8
-6 -6 -6 9
-5 -5 -5 10
-4 -4 -4 11
-3 -3 -3 12
-2 -2 -2 13
-1 -1 -1 14
0 0 0 15
1 1 1 16
2 2 2 16
3 3 3 16
4 4 4 16
5 5 5 16
6 6 6 16
7 7 7 16
8 8 8 16
9 9 9 16
10 10 10 16
11 11 11 16
12 12 12 17
-10 -10 -10 7
-9 -9 -9 7
-8 -8 -8 8
-7 -7 -7 9
-6 -6 -6 10
-5 -5 -5 11
-4 -4 -4 12
-3 -3 -3 13
-2 -2 -2 13
-1 -1 -1 14
0 0 0 15
1 1 1 16
2 2 2 15
3 3 3 15
4 4 4 15
5 5 5 15
6 6 6 15
7 7 7 15
8 8 8 15
9 9 9 15
10 10 10 15
11 11 11 16
12 12 12 16
-10 -10 -10 7
-9 -9 -9 8
-8 -8 -8 9
-7 -7 -7 10
-6 -6 -6 10
-5 -5 -5 11
-4 -4 -4 12
-3 -3 -3 13
-2 -2 -2 14
-1 -1 -1 15
0 0 0 15
1 1 1 15
2 2 2 14
3 3 3 14
4 4 4 14
5 5 5 14
6 6 6 14
7 7 7 14
8 8 8 14
9 9 9 14
10 10 10 14
11 11 11 15
12 12 12 15
-10 -10 -10 8
-9 -9 -9 9
-8 -8 -8 9
-7 -7 -7 10
-6 -6 -6 11
-5 -5 -5 12
-4 -4 -4 13
-3 -3 -3 13
-2 -2 -2 14
-1 -1 -1 15
0 0 0 14
1 1 1 14
2 2 2 14
3 3 3 13
4 4 4 13
5 5 5 13
6 6 6 13
7 7 7 13
8 8 8 13
9 9 9 13
10 10 10 14
11 11 11 14
12 12 12 14
-10 -10 -10 9
-9 -9 -9 10
-8 -8 -8 10
-7 -7 -7 11
-6 -6 -6 12
-5 -5 -5 12
-4 -4 -4 13
-3 -3 -3 14
-2 -2 -2 15
-1 -1 -1 14
0 0 0 14
1 1 1 13
2 2 2 13
3 3 3 13
4 4 4 12
5 5 5 12
6 6 6 12
7 7 7 12
8 8 8 12
9 9 9 13
10 10 10 13
11 11 11 13
12 12 12 14
-10 -10 -10 10
-9 -9 -9 10
-8 -8 -8 11
-7 -7 -7 12
-6 -6 -6 12
-5 -5 -5 13
-4 -4 -4 14
-3 -3 -3 15
-2 -2 -2 14
-1 -1 -1 13
0 0 0 13
1 1 1 13
2 2 2 12
3 3 3 12
4 4 4 12
5 5 5 12
6 6 6 12
7 7 7 12
8 8 8 12
9 9 9 12
10 10 10 12
11 11 11 13
12 12 12 13
-10 -10 -10 11
-9 -9 -9 11
-8 -8 -8 12
-7 -7 -7 12
-6 -6 -6 13
-5 -5 -5 14
-4 -4 -4 14
-3 -3 -3 14
-2 -2 -2 13
-1 -1 -1 13
0 0 0 12
1 1 1 12
2 2 2 12
3 3 3 11
4 4 4 11
5 5 5 11
6 6 6 11
7 7 7 11
8 8 8 11
9 9 9 11
10 10 10 12
11 11 11 12
12 12 12 12
-9 -9 -9 12
-8 -8 -8 13
-7 -7 -7 13
-6 -6 -6 14
-5 -5 -5 14
-4 -4 -4 14
-3 -3 -3 13
-2 -2 -2 13
-1 -1 -1 12
0 0 0 12
1 1 1 11
2 2 2 11
3 3 3 11
4 4 4 10
5 5 5 10
6 6 6 10
7 7 7 10
8 8 8 10
9 9 9 11
10 10 10 11
11 11 11 11
-9 -9 -9 13
-8 -8 -8 13
-7 -7 -7 14
-6 -6 -6 15
-5 -5 -5 14
-4 -4 -4 14
-3 -3 -3 13
-2 -2 -2 12
-1 -1 -1 12
0 0 0 11
1 1 1 11
2 2 2 10
3 3 3 10
4 4 4 10
5 5 5 10
6 6 6 10
7 7 7 10
8 8 8 10
9 9 9 10
10 10 10 10
11 11 11 11
-8 -8 -8 14
-7 -7 -7 15
-6 -6 -6 15
-5 -5 -5 14
-4 -4 -4 13
-3 -3 -3 13
-2 -2 -2 12
-1 -1 -1 11
0 0 0 11
1 1 1 10
2 2 2 10
3 3 3 9
4 4 4 9
5 5 5 9
6 6 6 9
7 7 7 9
8 8 8 9
9 9 9 9
10 10 10 10
-8 -8 -8 15
-7 -7 -7 15
-6 -6 -6 14
-5 -5 -5 14
-4 -4 -4 13
-3 -3 -3 12
-2 -2 -2 12
-1 -1 -1 11
0 0 0 10
1 1 1 10
2 2 2 9
3 3 3 9
4 4 4 9
5 5 5 9
6 6 6 8
7 7 7 9
8 8 8 9
9 9 9 9
10 10 10 9
-7 -7 -7 14
-6 -6 -6 14
-5 -5 -5 13
-4 -4 -4 13
-3 -3 -3 12
-2 -2 -2 11
-1 -1 -1 11
0 0 0 10
1 1 1 9
2 2 2 9
3 3 3 9
4 4 4 8
5 5 5 8
6 6 6 8
7 7 7 8
8 8 8 8
9 9 9 9
-6 -6 -6 14
-5 -5 -5 13
-4 -4 -4 12
-3 -3 -3 12
-2 -2 -2 11
-1 -1 -1 10
0 0 0 10
1 1 1 9
2 2 2 9
3 3 3 8
4 4 4 8
5 5 5 8
6 6 6 8
7 7 7 8
8 8 8 8
-5 -5 -5 13
-4 -4 -4 12
-3 -3 -3 12
-2 -2 -2 11
-1 -1 -1 10
0 0 0 10
1 1 1 9
2 2 2 9
3 3 3 8
4 4 4 8
5 5 5 8
6 6 6 8
7 7 7 8
-3 -3 -3 12
-2 -2 -2 11
-1 -1 -1 10
0 0 0 10
1 1 1 9
2 2 2 8
3 3 3 8
4 4 4 8
5 5 5 8
-1 -1 -1 10
0 0 0 10
1 1 1 9
2 2 2 9
3 3 3 8
-2 -2 -2 13
-1 -1 -1 14
0 0 0 14
1 1 1 14
2 2 2 14
3 3 3 15
4 4 4 15
-4 -4 -4 11
-3 -3 -3 12
-2 -2 -2 13
-1 -1 -1 14
0 0 0 15
1 1 1 15
2 2 2 15
3 3 3 15
4 4 4 16
5 5 5 16
6 6 6 16
-5 -5 -5 10
-4 -4 -4 11
-3 -3 -3 12
-2 -2 -2 13
-1 -1 -1 14
0 0 0 15
1 1 1 15
2 2 2 16
3 3 3 16
4 4 4 16
5 5 5 17
6 6 6 17
7 7 7 17
-6 -6 -6 9
-5 -5 -5 10
-4 -4 -4 11
-3 -3 -3 12
-2 -2 -2 13
-1 -1 -1 14
0 0 0 15
1 1 1 16
2 2 2 16
3 3 3 17
4 4 4 17
5 5 5 17
6 6 6 18
7 7 7 18
8 8 8 19
-7 -7 -7 8
-6 -6 -6 9
-5 -5 -5 10
-4 -4 -4 11
-3 -3 -3 12
-2 -2 -2 13
-1 -1 -1 14
0 0 0 15
1 1 1 16
2 2 2 17
3 3 3 17
4 4 4 18
5 5 5 18
6 6 6 18
7 7 7 19
8 8 8 19
9 9 9 19
-8 -8 -8 7
-7 -7 -7 8
-6 -6 -6 9
-5 -5 -5 10
-4 -4 -4 11
-3 -3 -3 12
-2 -2 -2 13
-1 -1 -1 14
0 0 0 15
1 1 1 16
2 2 2 17
3 3 3 18
4 4 4 18
5 5 5 18
6 6 6 18
7 7 7 18
8 8 8 18
9 9 9 18
10 10 10 18
-8 -8 -8 7
-7 -7 -7 8
-6 -6 -6 9
-5 -5 -5 10
-4 -4 -4 11
-3 -3 -3 12
-2 -2 -2 13
-1 -1 -1 14
0 0 0 15
1 1 1 16
2 2 2 17
3 3 3 17
4 4 4 17
5 5 5 17
6 6 6 17
7 7 7 17
8 8 8 17
9 9 9 17
10 10 10 17
-9 -9 -9 6
-8 -8 -8 7
-7 -7 -7 8
-6 -6 -6 9
-5 -5 -5 10
-4 -4 -4 11
-3 -3 -3 12
-2 -2 -2 13
-1 -1 -1 14
0 0 0 15
1 1 1 16
2 2 2 17
3 3 3 16
4 4 4 16
5 5 5 16
6 6 6 16
7 7 7 16
8 8 8 16
9 9 9 16
10 10 10 17
11 11 11 17
-9 -9 -9 7
-8 -8 -8 8
-7 -7 -7 9
-6 -6 -6 9
-5 -5 -5 10
-4 -4 -4 11
-3 -3 -3 12
-2 -2 -2 13
-1 -1 -1 14
0 0 0 15
1 1 1 16
2 2 2 16
3 3 3 15
4 4 4 15
5 5 5 15
6 6 6 15
7 7 7 15
8 8 8 15
9 9 9 15
10 10 10 16
11 11 11 16
-9 -9 -9 7
-8 -8 -8 8
-7 -7 -7 9
-6 -6 -6 10
-5 -5 -5 11
-4 -4 -4 12
-3 -3 -3 13
-2 -2 -2 13
-1 -1 -1 14
0 0 0 15
1 1 1 15
2 2 2 15
3 3 3 15
4 4 4 14
5 5 5 14
6 6 6 14
7 7 7 14
8 8 8 14
9 9 9 15
10 10 10 15
11 11 11 15
-9 -9 -9 8
-8 -8 -8 9
-7 -7 -7 10
-6 -6 -6 10
-5 -5 -5 11
-4 -4 -4 12
-3 -3 -3 13
-2 -2 -2 14
-1 -1 -1 15
0 0 0 15
1 1 1 14
2 2 2 14
3 3 3 14
4 4 4 14
5 5 5 13
6 6 6 13
7 7 7 13
8 8 8 14
9 9 9 14
10 10 10 14
11 11 11 14
-9 -9 -9 9
-8 -8 -8 9
-7 -7 -7 10
-6 -6 -6 11
-5 -5 -5 12
-4 -4 -4 13
-3 -3 -3 13
-2 -2 -2 14
-1 -1 -1 14
0 0 0 14
1 1 1 13
2 2 2 13
3 3 3 13
4 4 4 13
5 5 5 13
6 6 6 13
7 7 7 13
8 8 8 13
9 9 9 13
10 10 10 13
11 11 11 13
-9 -9 -9 10
-8 -8 -8 10
-7 -7 -7 11
-6 -6 -6 12
-5 -5 -5 12
-4 -4 -4 13
-3 -3 -3 14
-2 -2 -2 14
-1 -1 -1 14
0 0 0 13
1 1 1 13
2 2 2 12
3 3 3 12
4 4 4 12
5 5 5 12
6 6 6 12
7 7 7 12
8 8 8 12
9 9 9 12
10 10 10 12
11 11 11 13
-9 -9 -9 10
-8 -8 -8 11
-7 -7 -7 12
-6 -6 -6 12
-5 -5 -5 13
-4 -4 -4 14
-3 -3 -3 14
-2 -2 -2 13
-1 -1 -1 13
0 0 0 12
1 1 1 12
2 2 2 12
3 3 3 11
4 4 4 11
5 5 5 11
6 6 6 11
7 7 7 11
8 8 8 11
9 9 9 11
10 10 10 12
11 11 11 12
-9 -9 -9 11
-8 -8 -8 12
-7 -7 -7 12
-6 -6 -6 13
-5 -5 -5 14
-4 -4 -4 14
-3 -3 -3 13
-2 -2 -2 13
-1 -1 -1 12
0 0 0 12
1 1 1 11
2 2 2 11
3 3 3 11
4 4 4 10
5 5 5 10
6 6 6 10
7 7 7 10
8 8 8 10
9 9 9 11
10 10 10 11
11 11 11 11
-9 -9 -9 12
-8 -8 -8 13
-7 -7 -7 13
-6 -6 -6 14
-5 -5 -5 14
-4 -4 -4 14
-3 -3 -3 13
-2 -2 -2 12
-1 -1 -1 12
0 0 0 11
1 1 1 11
2 2 2 10
3 3 3 10
4 4 4 10
5 5 5 9
6 6 6 9
7 7 7 9
8 8 8 10
9 9 9 10
10 10 10 10
11 11 11 11
-8 -8 -8 13
-7 -7 -7 14
-6 -6 -6 15
-5 -5 -5 14
-4 -4 -4 13
-3 -3 -3 12
-2 -2 -2 12
-1 -1 -1 11
0 0 0 11
1 1 1 10
2 2 2 10
3 3 3 9
4 4 4 9
5 5 5 9
6 6 6 9
7 7 7 9
8 8 8 9
9 9 9 9
10 10 10 10
-8 -8 -8 14
-7 -7 -7 15
-6 -6 -6 14
-5 -5 -5 13
-4 -4 -4 13
-3 -3 -3 12
-2 -2 -2 11
-1 -1 -1 11
0 0 0 10
1 1 1 9
2 2 2 9
3 3 3 9
4 4 4 8
5 5 5 8
6 6 6 8
7 7 7 8
8 8 8 8
9 9 9 9
10 10 10 9
-7 -7 -7 14
-6 -6 -6 14
-5 -5 -5 13
-4 -4 -4 12
-3 -3 -3 12
-2 -2 -2 11
-1 -1 -1 10
0 0 0 10
1 1 1 9
2 2 2 9
3 3 3 8
4 4 4 8
5 5 5 8
6 6 6 8
7 7 7 8
8 8 8 8
9 9 9 8
-6 -6 -6 13
-5 -5 -5 13
-4 -4 -4 12
-3 -3 -3 11
-2 -2 -2 11
-1 -1 -1 10
0 0 0 9
1 1 1 9
2 2 2 8
3 3 3 8
4 4 4 7
5 5 5 7
6 6 6 7
7 7 7 7
8 8 8 7
-5 -5 -5 12
-4 -4 -4 12
-3 -3 -3 11
-2 -2 -2 10
-1 -1 -1 10
0 0 0 9
1 1 1 8
2 2 2 8
3 3 3 7
4 4 4 7
5 5 5 7
6 6 6 7
7 7 7 7
-4 -4 -4 12
-3 -3 -3 11
-2 -2 -2 10
-1 -1 -1 9
0 0 0 9
1 1 1 8
2 2 2 8
3 3 3 7
4 4 4 7
5 5 5 7
6 6 6 7
-2 -2 -2 10
-1 -1 -1 9
0 0 0 9
1 1 1 8
2 2 2 8
3 3 3 7
4 4 4 7
0 0 0 15
1 1 1 15
2 2 2 15
-3 -3 -3 12
-2 -2 -2 13
-1 -1 -1 14
0 0 0 15
1 1 1 15
2 2 2 16
3 3 3 16
4 4 4 16
5 5 5 17
-4 -4 -4 11
-3 -3 -3 12
-2 -2 -2 13
-1 -1 -1 14
0 0 0 15
1 1 1 16
2 2 2 16
3 3 3 17
4 4 4 17
5 5 5 17
6 6 6 18
-5 -5 -5 10
-4 -4 -4 11
-3 -3 -3 12
-2 -2 -2 13
-1 -1 -1 14
0 0 0 15
1 1 1 16
2 2 2 17
3 3 3 17
4 4 4 18
5 5 5 18
6 6 6 18
7 7 7 19
-6 -6 -6 9
-5 -5 -5 10
-4 -4 -4 11
-3 -3 -3 12
-2 -2 -2 13
-1 -1 -1 14
0 0 0 15
1 1 1 16
2 2 2 17
3 3 3 18
4 4 4 18
5 5 5 19
6 6 6 18
7 7 7 19
8 8 8 19
-7 -7 -7 8
-6 -6 -6 9
-5 -5 -5 10
-4 -4 -4 11
-3 -3 -3 12
-2 -2 -2 13
-1 -1 -1 14
0 0 0 15
1 1 1 16
2 2 2 17
3 3 3 18
4 4 4 18
5 5 5 18
6 6 6 18
7 7 7 18
8 8 8 18
9 9 9 18
-8 -8 -8 7
-7 -7 -7 8
-6 -6 -6 9
-5 -5 -5 10
-4 -4 -4 11
-3 -3 -3 12
-2 -2 -2 13
-1 -1 -1 14
0 0 0 15
1 1 1 16
2 2 2 17
3 3 3 17
4 4 4 17
5 5 5 17
6 6 6 17
7 7 7 17
8 8 8 17
9 9 9 17
10 10 10 17
-8 -8 -8 7
-7 -7 -7 8
-6 -6 -6 9
-5 -5 -5 10
-4 -4 -4 11
-3 -3 -3 12
-2 -2 -2 13
-1 -1 -1 14
0 0 0 15
1 1 1 16
2 2 2 16
3 3 3 16
4 4 4 16
5 5 5 16
6 6 6 16
7 7 7 16
8 8 8 16
9 9 9 16
10 10 10 16
-8 -8 -8 8
-7 -7 -7 9
-6 -6 -6 10
-5 -5 -5 10
-4 -4 -4 11
-3 -3 -3 12
-2 -2 -2 13
-1 -1 -1 14
0 0 0 15
1 1 1 16
2 2 2 15
3 3 3 15
4 4 4 15
5 5 5 15
6 6 6 15
7 7 7 15
8 8 8 15
9 9 9 15
10 10 10 15
-9 -9 -9 8
-8 -8 -8 8
-7 -7 -7 9
-6 -6 -6 10
-5 -5 -5 11
-4 -4 -4 12
-3 -3 -3 13
-2 -2 -2 14
-1 -1 -1 15
0 0 0 15
1 1 1 15
2 2 2 14
3 3 3 14
4 4 4 14
5 5 5 14
6 6 6 14
7 7 7 14
8 8 8 14
9 9 9 14
10 10 10 14
11 11 11 15
-9 -9 -9 8
-8 -8 -8 9
-7 -7 -7 10
-6 -6 -6 11
-5 -5 -5 11
-4 -4 -4 12
-3 -3 -3 13
-2 -2 -2 14
-1 -1 -1 15
0 0 0 14
1 1 1 14
2 2 2 14
3 3 3 13
4 4 4 13
5 5 5 13
6 6 6 13
7 7 7 13
8 8 8 13
9 9 9 13
10 10 10 14
11 11 11 14
-9 -9 -9 9
-8 -8 -8 10
-7 -7 -7 10
-6 -6 -6 11
-5 -5 -5 12
-4 -4 -4 13
-3 -3 -3 14
-2 -2 -2 14
-1 -1 -1 14
0 0 0 13
1 1 1 13
2 2 2 13
3 3 3 12
4 4 4 12
5 5 5 12
6 6 6 12
7 7 7 12
8 8 8 12
9 9 9 12
10 10 10 13
11 11 11 13
-9 -9 -9 10
-8 -8 -8 10
-7 -7 -7 11
-6 -6 -6 12
-5 -5 -5 12
-4 -4 -4 13
-3 -3 -3 14
-2 -2 -2 14
-1 -1 -1 13
0 0 0 13
1 1 1 12
2 2 2 12
3 3 3 12
4 4 4 11
5 5 5 11
6 6 6 11
7 7 7 11
8 8 8 11
9 9 9 12
10 10 10 12
11 11 11 12
-9 -9 -9 11
-8 -8 -8 11
-7 -7 -7 12
-6 -6 -6 12
-5 -5 -5 13
-4 -4 -4 14
-3 -3 -3 14
-2 -2 -2 13
-1 -1 -1 12
0 0 0 12
1 1 1 11
2 2 2 11
3 3 3 11
4 4 4 11
5 5 5 10
6 6 6 10
7 7 7 10
8 8 8 11
9 9 9 11
10 10 10 11
11 11 11 11
-8 -8 -8 12
-7 -7 -7 12
-6 -6 -6 13
-5 -5 -5 14
-4 -4 -4 14
-3 -3 -3 13
-2 -2 -2 12
-1 -1 -1 12
0 0 0 11
1 1 1 11
2 2 2 10
3 3 3 10
4 4 4 10
5 5 5 10
6 6 6 10
7 7 7 10
8 8 8 10
9 9 9 10
10 10 10 10
-8 -8 -8 13
-7 -7 -7 13
-6 -6 -6 14
-5 -5 -5 14
-4 -4 -4 13
-3 -3 -3 12
-2 -2 -2 12
-1 -1 -1 11
0 0 0 11
1 1 1 10
2 2 2 10
3 3 3 9
4 4 4 9
5 5 5 9
6 6 6 9
7 7 7 9
8 8 8 9
9 9 9 9
10 10 10 10
-8 -8 -8 14
-7 -7 -7 14
-6 -6 -6 14
-5 -5 -5 13
-4 -4 -4 13
-3 -3 -3 12
-2 -2 -2 11
-1 -1 -1 11
0 0 0 10
1 1 1 9
2 2 2 9
3 3 3 9
4 4 4 8
5 5 5 8
6 6 6 8
7 7 7 8
8 8 8 8
9 9 9 9
10 10 10 9
-7 -7 -7 14
-6 -6 -6 14
-5 -5 -5 13
-4 -4 -4 12
-3 -3 -3 11
-2 -2 -2 11
-1 -1 -1 10
0 0 0 9
1 1 1 9
2 2 2 8
3 3 3 8
4 4 4 8
5 5 5 7
6 6 6 7
7 7 7 7
8 8 8 8
9 9 9 8
-6 -6 -6 13
-5 -5 -5 13
-4 -4 -4 12
-3 -3 -3 11
-2 -2 -2 10
-1 -1 -1 10
0 0 0 9
1 1 1 8
2 2 2 8
3 3 3 7
4 4 4 7
5 5 5 7
6 6 6 7
7 7 7 7
8 8 8 7
-5 -5 -5 12
-4 -4 -4 12
-3 -3 -3 11
-2 -2 -2 10
-1 -1 -1 9
0 0 0 9
1 1 1 8
2 2 2 7
3 3 3 7
4 4 4 7
5 5 5 6
6 6 6 6
7 7 7 6
-4 -4 -4 11
-3 -3 -3 11
-2 -2 -2 10
-1 -1 -1 9
0 0 0 8
1 1 1 8
2 2 2 7
3 3 3 7
4 4 4 6
5 5 5 6
6 6 6 6
-3 -3 -3 10
-2 -2 -2 10
-1 -1 -1 9
0 0 0 8
1 1 1 7
2 2 2 7
3 3 3 6
4 4 4 6
5 5 5 6
0 0 0 8
1 1 1 7
2 2 2 7
-2 -2 -2 13
-1 -1 -1 14
0 0 0 15
1 1 1 16
2 2 2 16
3 3 3 17
4 4 4 17
-3 -3 -3 12
-2 -2 -2 13
-1 -1 -1 14
0 0 0 15
1 1 1 16
2 2 2 17
3 3 3 17
4 4 4 18
5 5 5 18
-5 -5 -5 10
-4 -4 -4 11
-3 -3 -3 12
-2 -2 -2 13
-1 -1 -1 14
0 0 0 15
1 1 1 16
2 2 2 17
3 3 3 18
4 4 4 18
5 5 5 19
6 6 6 19
7 7 7 19
-6 -6 -6 9
-5 -5 -5 10
-4 -4 -4 11
-3 -3 -3 12
-2 -2 -2 13
-1 -1 -1 14
0 0 0 15
1 1 1 16
2 2 2 17
3 3 3 18
4 4 4 18
5 5 5 18
6 6 6 18
7 7 7 18
8 8 8 18
-6 -6 -6 9
-5 -5 -5 10
-4 -4 -4 11
-3 -3 -3 12
-2 -2 -2 13
-1 -1 -1 14
0 0 0 15
1 1 1 16
2 2 2 17
3 3 3 17
4 4 4 17
5 5 5 17
6 6 6 17
7 7 7 17
8 8 8 17
-7 -7 -7 8
-6 -6 -6 9
-5 -5 -5 10
-4 -4 -4 11
-3 -3 -3 12
-2 -2 -2 13
-1 -1 -1 14
0 0 0 15
1 1 1 16
2 2 2 17
3 3 3 17
4 4 4 16
5 5 5 16
6 6 6 16
7 7 7 16
8 8 8 16
9 9 9 17
-8 -8 -8 8
-7 -7 -7 9
-6 -6 -6 9
-5 -5 -5 10
-4 -4 -4 11
-3 -3 -3 12
-2 -2 -2 13
-1 -1 -1 14
0 0 0 15
1 1 1 16
2 2 2 16
3 3 3 16
4 4 4 15
5 5 5 15
6 6 6 15
7 7 7 15
8 8 8 15
9 9 9 16
10 10 10 16
-8 -8 -8 8
-7 -7 -7 9
-6 -6 -6 10
-5 -5 -5 11
-4 -4 -4 12
-3 -3 -3 13
-2 -2 -2 13
-1 -1 -1 14
0 0 0 15
1 1 1 15
2 2 2 15
3 3 3 15
4 4 4 15
5 5 5 14
6 6 6 14
7 7 7 14
8 8 8 15
9 9 9 15
10 10 10 15
-8 -8 -8 9
-7 -7 -7 9
-6 -6 -6 10
-5 -5 -5 11
-4 -4 -4 12
-3 -3 -3 13
-2 -2 -2 14
-1 -1 -1 15
0 0 0 15
1 1 1 14
2 2 2 14
3 3 3 14
4 4 4 14
5 5 5 13
6 6 6 13
7 7 7 13
8 8 8 14
9 9 9 14
10 10 10 14
-8 -8 -8 9
-7 -7 -7 10
-6 -6 -6 11
-5 -5 -5 12
-4 -4 -4 12
-3 -3 -3 13
-2 -2 -2 14
-1 -1 -1 14
0 0 0 14
1 1 1 13
2 2 2 13
3 3 3 13
4 4 4 13
5 5 5 13
6 6 6 13
7 7 7 13
8 8 8 13
9 9 9 13
10 10 10 13
-8 -8 -8 10
-7 -7 -7 11
-6 -6 -6 11
-5 -5 -5 12
-4 -4 -4 13
-3 -3 -3 14
-2 -2 -2 14
-1 -1 -1 13
0 0 0 13
1 1 1 13
2 2 2 12
3 3 3 12
4 4 4 12
5 5 5 12
6 6 6 12
7 7 7 12
8 8 8 12
9 9 9 12
10 10 10 12
-8 -8 -8 11
-7 -7 -7 11
-6 -6 -6 12
-5 -5 -5 13
-4 -4 -4 13
-3 -3 -3 14
-2 -2 -2 13
-1 -1 -1 13
0 0 0 12
1 1 1 12
2 2 2 11
3 3 3 11
4 4 4 11
5 5 5 11
6 6 6 11
7 7 7 11
8 8 8 11
9 9 9 11
10 10 10 11
-8 -8 -8 11
-7 -7 -7 12
-6 -6 -6 13
-5 -5 -5 13
-4 -4 -4 14
-3 -3 -3 13
-2 -2 -2 13
-1 -1 -1 12
0 0 0 11
1 1 1 11
2 2 2 11
3 3 3 10
4 4 4 10
5 5 5 10
6 6 6 10
7 7 7 10
8 8 8 10
9 9 9 10
10 10 10 11
-8 -8 -8 12
-7 -7 -7 13
-6 -6 -6 13
-5 -5 -5 14
-4 -4 -4 13
-3 -3 -3 13
-2 -2 -2 12
-1 -1 -1 11
0 0 0 11
1 1 1 10
2 2 2 10
3 3 3 9
4 4 4 9
5 5 5 9
6 6 6 9
7 7 7 9
8 8 8 9
9 9 9 9
10 10 10 10
-8 -8 -8 13
-7 -7 -7 13
-6 -6 -6 14
-5 -5 -5 13
-4 -4 -4 13
-3 -3 -3 12
-2 -2 -2 11
-1 -1 -1 11
0 0 0 10
1 1 1 9
2 2 2 9
3 3 3 9
4 4 4 8
5 5 5 8
6 6 6 8
7 7 7 8
8 8 8 8
9 9 9 9
10 10 10 9
-7 -7 -7 14
-6 -6 -6 14
-5 -5 -5 13
-4 -4 -4 12
-3 -3 -3 11
-2 -2 -2 11
-1 -1 -1 10
0 0 0 9
1 1 1 9
2 2 2 8
3 3 3 8
4 4 4 8
5 5 5 7
6 6 6 7
7 7 7 7
8 8 8 8
9 9 9 8
-6 -6 -6 13
-5 -5 -5 13
-4 -4 -4 12
-3 -3 -3 11
-2 -2 -2 10
-1 -1 -1 9
0 0 0 9
1 1 1 8
2 2 2 8
3 3 3 7
4 4 4 7
5 5 5 7
6 6 6 7
7 7 7 7
8 8 8 7
-6 -6 -6 12
-5 -5 -5 12
-4 -4 -4 11
-3 -3 -3 11
-2 -2 -2 10
-1 -1 -1 9
0 0 0 8
1 1 1 8
2 2 2 7
3 3 3 7
4 4 4 6
5 5 5 6
6 6 6 6
7 7 7 6
8 8 8 6
-5 -5 -5 11
-4 -4 -4 11
-3 -3 -3 10
-2 -2 -2 9
-1 -1 -1 9
0 0 0 8
1 1 1 7
2 2 2 7
3 3 3 6
4 4 4 6
5 5 5 5
6 6 6 5
7 7 7 5
-3 -3 -3 10
-2 -2 -2 9
-1 -1 -1 8
0 0 0 8
1 1 1 7
2 2 2 6
3 3 3 6
4 4 4 5
5 5 5 5
-2 -2 -2 9
-1 -1 -1 8
0 0 0 7
1 1 1 7
2 2 2 6
3 3 3 5
4 4 4 5
-1 -1 -1 14
0 0 0 15
1 1 1 16
2 2 2 17
3 3 3 17
-3 -3 -3 12
-2 -2 -2 13
-1 -1 -1 14
0 0 0 15
1 1 1 16
2 2 2 17
3 3 3 18
4 4 4 18
5 5 5 19
-4 -4 -4 11
-3 -3 -3 12
-2 -2 -2 13
-1 -1 -1 14
0 0 0 15
1 1 1 16
2 2 2 17
3 3 3 18
4 4 4 19
5 5 5 19
6 6 6 19
-5 -5 -5 10
-4 -4 -4 11
-3 -3 -3 12
-2 -2 -2 13
-1 -1 -1 14
0 0 0 15
1 1 1 16
2 2 2 17
3 3 3 18
4 4 4 18
5 5 5 18
6 6 6 18
7 7 7 18
-6 -6 -6 9
-5 -5 -5 10
-4 -4 -4 11
-3 -3 -3 12
-2 -2 -2 13
-1 -1 -1 14
0 0 0 15
1 1 1 16
2 2 2 17
3 3 3 17
4 4 4 17
5 5 5 17
6 6 6 17
7 7 7 17
8 8 8 17
-7 -7 -7 9
-6 -6 -6 10
-5 -5 -5 10
-4 -4 -4 11
-3 -3 -3 12
-2 -2 -2 13
-1 -1 -1 14
0 0 0 15
1 1 1 16
2 2 2 16
3 3 3 16
4 4 4 16
5 5 5 16
6 6 6 16
7 7 7 16
8 8 8 16
9 9 9 16
-7 -7 -7 9
-6 -6 -6 10
-5 -5 -5 11
-4 -4 -4 12
-3 -3 -3 13
-2 -2 -2 13
-1 -1 -1 14
0 0 0 15
1 1 1 16
2 2 2 16
3 3 3 15
4 4 4 15
5 5 5 15
6 6 6 15
7 7 7 15
8 8 8 15
9 9 9 15
-8 -8 -8 9
-7 -7 -7 9
-6 -6 -6 10
-5 -5 -5 11
-4 -4 -4 12
-3 -3 -3 13
-2 -2 -2 14
-1 -1 -1 15
0 0 0 15
1 1 1 15
2 2 2 15
3 3 3 14
4 4 4 14
5 5 5 14
6 6 6 14
7 7 7 14
8 8 8 14
9 9 9 14
10 10 10 15
-8 -8 -8 9
-7 -7 -7 10
-6 -6 -6 11
-5 -5 -5 11
-4 -4 -4 12
-3 -3 -3 13
-2 -2 -2 14
-1 -1 -1 15
0 0 0 14
1 1 1 14
2 2 2 14
3 3 3 13
4 4 4 13
5 5 5 13
6 6 6 13
7 7 7 13
8 8 8 13
9 9 9 13
10 10 10 14
-8 -8 -8 10
-7 -7 -7 10
-6 -6 -6 11
-5 -5 -5 12
-4 -4 -4 13
-3 -3 -3 14
-2 -2 -2 14
-1 -1 -1 14
0 0 0 14
1 1 1 13
2 2 2 13
3 3 3 13
4 4 4 12
5 5 5 12
6 6 6 12
7 7 7 12
8 8 8 12
9 9 9 13
10 10 10 13
-8 -8 -8 10
-7 -7 -7 11
-6 -6 -6 12
-5 -5 -5 12
-4 -4 -4 13
-3 -3 -3 14
-2 -2 -2 14
-1 -1 -1 13
0 0 0 13
1 1 1 12
2 2 2 12
3 3 3 12
4 4 4 11
5 5 5 11
6 6 6 11
7 7 7 11
8 8 8 11
9 9 9 12
10 10 10 12
-8 -8 -8 11
-7 -7 -7 12
-6 -6 -6 12
-5 -5 -5 13
-4 -4 -4 14
-3 -3 -3 14
-2 -2 -2 13
-1 -1 -1 12
0 0 0 12
1 1 1 11
2 2 2 11
3 3 3 11
4 4 4 10
5 5 5 10
6 6 6 10
7 7 7 10
8 8 8 10
9 9 9 11
10 10 10 11
-8 -8 -8 12
-7 -7 -7 12
-6 -6 -6 13
-5 -5 -5 14
-4 -4 -4 14
-3 -3 -3 13
-2 -2 -2 12
-1 -1 -1 12
0 0 0 11
1 1 1 11
2 2 2 10
3 3 3 10
4 4 4 10
5 5 5 9
6 6 6 9
7 7 7 9
8 8 8 10
9 9 9 10
10 10 10 10
-8 -8 -8 12
-7 -7 -7 13
-6 -6 -6 14
-5 -5 -5 14
-4 -4 -4 13
-3 -3 -3 12
-2 -2 -2 12
-1 -1 -1 11
0 0 0 10
1 1 1 10
2 2 2 9
3 3 3 9
4 4 4 9
5 5 5 9
6 6 6 8
7 7 7 9
8 8 8 9
9 9 9 9
10 10 10 9
-7 -7 -7 14
-6 -6 -6 14
-5 -5 -5 13
-4 -4 -4 12
-3 -3 -3 12
-2 -2 -2 11
-1 -1 -1 10
0 0 0 10
1 1 1 9
2 2 2 9
3 3 3 8
4 4 4 8
5 5 5 8
6 6 6 8
7 7 7 8
8 8 8 8
9 9 9 8
-7 -7 -7 13
-6 -6 -6 13
-5 -5 -5 13
-4 -4 -4 12
-3 -3 -3 11
-2 -2 -2 10
-1 -1 -1 10
0 0 0 9
1 1 1 8
2 2 2 8
3 3 3 7
4 4 4 7
5 5 5 7
6 6 6 7
7 7 7 7
8 8 8 7
9 9 9 7
-6 -6 -6 12
-5 -5 -5 12
-4 -4 -4 11
-3 -3 -3 11
-2 -2 -2 10
-1 -1 -1 9
0 0 0 8
1 1 1 8
2 2 2 7
3 3 3 7
4 4 4 6
5 5 5 6
6 6 6 6
7 7 7 6
8 8 8 6
-5 -5 -5 11
-4 -4 -4 11
-3 -3 -3 10
-2 -2 -2 9
-1 -1 -1 9
0 0 0 8
1 1 1 7
2 2 2 6
3 3 3 6
4 4 4 6
5 5 5 5
6 6 6 5
7 7 7 5
-4 -4 -4 10
-3 -3 -3 10
-2 -2 -2 9
-1 -1 -1 8
0 0 0 7
1 1 1 7
2 2 2 6
3 3 3 5
4 4 4 5
5 5 5 5
6 6 6 5
-3 -3 -3 10
-2 -2 -2 9
-1 -1 -1 8
0 0 0 7
1 1 1 6
2 2 2 6
3 3 3 5
4 4 4 4
5 5 5 4
-1 -1 -1 8
0 0 0 7
1 1 1 6
2 2 2 5
3 3 3 5
1 1 1 17
-2 -2 -2 14
-1 -1 -1 15
0 0 0 15
1 1 1 16
2 2 2 17
3 3 3 18
4 4 4 19
-4 -4 -4 12
-3 -3 -3 13
-2 -2 -2 13
-1 -1 -1 14
0 0 0 15
1 1 1 16
2 2 2 17
3 3 3 18
4 4 4 19
5 5 5 19
6 6 6 19
-5 -5 -5 11
-4 -4 -4 12
-3 -3 -3 13
-2 -2 -2 13
-1 -1 -1 14
0 0 0 15
1 1 1 16
2 2 2 17
3 3 3 18
4 4 4 18
5 5 5 18
6 6 6 18
7 7 7 18
-6 -6 -6 10
-5 -5 -5 11
-4 -4 -4 12
-3 -3 -3 13
-2 -2 -2 13
-1 -1 -1 14
0 0 0 15
1 1 1 16
2 2 2 17
3 3 3 17
4 4 4 17
5 5 5 17
6 6 6 17
7 7 7 17
8 8 8 17
-6 -6 -6 10
-5 -5 -5 11
-4 -4 -4 12
-3 -3 -3 13
-2 -2 -2 14
-1 -1 -1 15
0 0 0 15
1 1 1 16
2 2 2 16
3 3 3 16
4 4 4 16
5 5 5 16
6 6 6 16
7 7 7 16
8 8 8 16
-7 -7 -7 9
-6 -6 -6 10
-5 -5 -5 11
-4 -4 -4 12
-3 -3 -3 13
-2 -2 -2 14
-1 -1 -1 15
0 0 0 16
1 1 1 16
2 2 2 15
3 3 3 15
4 4 4 15
5 5 5 15
6 6 6 15
7 7 7 15
8 8 8 15
9 9 9 15
-7 -7 -7 10
-6 -6 -6 11
-5 -5 -5 11
-4 -4 -4 12
-3 -3 -3 13
-2 -2 -2 14
-1 -1 -1 15
0 0 0 15
1 1 1 15
2 2 2 14
3 3 3 14
4 4 4 14
5 5 5 14
6 6 6 14
7 7 7 14
8 8 8 14
9 9 9 14
-7 -7 -7 10
-6 -6 -6 11
-5 -5 -5 12
-4 -4 -4 13
-3 -3 -3 13
-2 -2 -2 14
-1 -1 -1 15
0 0 0 14
1 1 1 14
2 2 2 13
3 3 3 13
4 4 4 13
5 5 5 13
6 6 6 13
7 7 7 13
8 8 8 13
9 9 9 13
-8 -8 -8 10
-7 -7 -7 11
-6 -6 -6 11
-5 -5 -5 12
-4 -4 -4 13
-3 -3 -3 14
-2 -2 -2 14
-1 -1 -1 14
0 0 0 13
1 1 1 13
2 2 2 13
3 3 3 12
4 4 4 12
5 5 5 12
6 6 6 12
7 7 7 12
8 8 8 12
9 9 9 12
10 10 10 13
-8 -8 -8 11
-7 -7 -7 11
-6 -6 -6 12
-5 -5 -5 13
-4 -4 -4 13
-3 -3 -3 14
-2 -2 -2 13
-1 -1 -1 13
0 0 0 12
1 1 1 12
2 2 2 12
3 3 3 11
4 4 4 11
5 5 5 11
6 6 6 11
7 7 7 11
8 8 8 11
9 9 9 11
10 10 10 12
-8 -8 -8 11
-7 -7 -7 12
-6 -6 -6 13
-5 -5 -5 13
-4 -4 -4 14
-3 -3 -3 13
-2 -2 -2 13
-1 -1 -1 12
0 0 0 12
1 1 1 11
2 2 2 11
3 3 3 10
4 4 4 10
5 5 5 10
6 6 6 10
7 7 7 10
8 8 8 10
9 9 9 10
10 10 10 11
-7 -7 -7 13
-6 -6 -6 13
-5 -5 -5 14
-4 -4 -4 13
-3 -3 -3 13
-2 -2 -2 12
-1 -1 -1 11
0 0 0 11
1 1 1 10
2 2 2 10
3 3 3 9
4 4 4 9
5 5 5 9
6 6 6 9
7 7 7 9
8 8 8 9
9 9 9 9
-7 -7 -7 13
-6 -6 -6 14
-5 -5 -5 13
-4 -4 -4 13
-3 -3 -3 12
-2 -2 -2 11
-1 -1 -1 11
0 0 0 10
1 1 1 9
2 2 2 9
3 3 3 9
4 4 4 8
5 5 5 8
6 6 6 8
7 7 7 8
8 8 8 8
9 9 9 9
-7 -7 -7 13
-6 -6 -6 13
-5 -5 -5 13
-4 -4 -4 12
-3 -3 -3 11
-2 -2 -2 11
-1 -1 -1 10
0 0 0 9
1 1 1 9
2 2 2 8
3 3 3 8
4 4 4 7
5 5 5 7
6 6 6 7
7 7 7 7
8 8 8 7
9 9 9 8
-6 -6 -6 12
-5 -5 -5 12
-4 -4 -4 12
-3 -3 -3 11
-2 -2 -2 10
-1 -1 -1 9
0 0 0 9
1 1 1 8
2 2 2 7
3 3 3 7
4 4 4 7
5 5 5 6
6 6 6 6
7 7 7 6
8 8 8 7
-6 -6 -6 12
-5 -5 -5 11
-4 -4 -4 11
-3 -3 -3 10
-2 -2 -2 9
-1 -1 -1 9
0 0 0 8
1 1 1 7
2 2 2 7
3 3 3 6
4 4 4 6
5 5 5 5
6 6 6 5
7 7 7 5
8 8 8 6
-5 -5 -5 11
-4 -4 -4 10
-3 -3 -3 10
-2 -2 -2 9
-1 -1 -1 8
0 0 0 7
1 1 1 7
2 2 2 6
3 3 3 5
4 4 4 5
5 5 5 5
6 6 6 5
7 7 7 5
-4 -4 -4 10
-3 -3 -3 9
-2 -2 -2 9
-1 -1 -1 8
0 0 0 7
1 1 1 6
2 2 2 5
3 3 3 5
4 4 4 4
5 5 5 4
6 6 6 4
-2 -2 -2 8
-1 -1 -1 7
0 0 0 7
1 1 1 6
2 2 2 5
3 3 3 4
4 4 4 4
1 1 1 5
-2 -2 -2 14
-1 -1 -1 15
0 0 0 16
1 1 1 17
2 2 2 17
3 3 3 18
4 4 4 19
-4 -4 -4 12
-3 -3 -3 13
-2 -2 -2 14
-1 -1 -1 15
0 0 0 16
1 1 1 17
2 2 2 17
3 3 3 18
4 4 4 18
5 5 5 19
6 6 6 19
-5 -5 -5 11
-4 -4 -4 12
-3 -3 -3 13
-2 -2 -2 14
-1 -1 -1 15
0 0 0 16
1 1 1 17
2 2 2 17
3 3 3 18
4 4 4 18
5 5 5 18
6 6 6 18
7 7 7 18
-6 -6 -6 10
-5 -5 -5 11
-4 -4 -4 12
-3 -3 -3 13
-2 -2 -2 14
-1 -1 -1 15
0 0 0 16
1 1 1 17
2 2 2 17
3 3 3 17
4 4 4 17
5 5 5 17
6 6 6 17
7 7 7 17
8 8 8 17
-6 -6 -6 11
-5 -5 -5 11
-4 -4 -4 12
-3 -3 -3 13
-2 -2 -2 14
-1 -1 -1 15
0 0 0 16
1 1 1 16
2 2 2 16
3 3 3 16
4 4 4 16
5 5 5 16
6 6 6 16
7 7 7 16
8 8 8 16
-7 -7 -7 10
-6 -6 -6 11
-5 -5 -5 12
-4 -4 -4 12
-3 -3 -3 13
-2 -2 -2 14
-1 -1 -1 15
0 0 0 16
1 1 1 15
2 2 2 15
3 3 3 15
4 4 4 15
5 5 5 15
6 6 6 15
7 7 7 15
8 8 8 15
9 9 9 15
-7 -7 -7 10
-6 -6 -6 11
-5 -5 -5 12
-4 -4 -4 13
-3 -3 -3 14
-2 -2 -2 14
-1 -1 -1 15
0 0 0 15
1 1 1 15
2 2 2 14
3 3 3 14
4 4 4 14
5 5 5 14
6 6 6 14
7 7 7 14
8 8 8 14
9 9 9 14
-7 -7 -7 11
-6 -6 -6 11
-5 -5 -5 12
-4 -4 -4 13
-3 -3 -3 14
-2 -2 -2 15
-1 -1 -1 14
0 0 0 14
1 1 1 14
2 2 2 13
3 3 3 13
4 4 4 13
5 5 5 13
6 6 6 13
7 7 7 13
8 8 8 13
9 9 9 13
-7 -7 -7 11
-6 -6 -6 12
-5 -5 -5 13
-4 -4 -4 13
-3 -3 -3 14
-2 -2 -2 14
-1 -1 -1 14
0 0 0 13
1 1 1 13
2 2 2 12
3 3 3 12
4 4 4 12
5 5 5 12
6 6 6 12
7 7 7 12
8 8 8 12
9 9 9 12
-8 -8 -8 11
-7 -7 -7 12
-6 -6 -6 12
-5 -5 -5 13
-4 -4 -4 14
-3 -3 -3 14
-2 -2 -2 13
-1 -1 -1 13
0 0 0 12
1 1 1 12
2 2 2 11
3 3 3 11
4 4 4 11
5 5 5 11
6 6 6 11
7 7 7 11
8 8 8 11
9 9 9 11
10 10 10 11
-7 -7 -7 12
-6 -6 -6 13
-5 -5 -5 14
-4 -4 -4 14
-3 -3 -3 13
-2 -2 -2 12
-1 -1 -1 12
0 0 0 11
1 1 1 11
2 2 2 10
3 3 3 10
4 4 4 10
5 5 5 10
6 6 6 10
7 7 7 10
8 8 8 10
9 9 9 10
-7 -7 -7 13
-6 -6 -6 14
-5 -5 -5 14
-4 -4 -4 13
-3 -3 -3 12
-2 -2 -2 12
-1 -1 -1 11
0 0 0 11
1 1 1 10
2 2 2 10
3 3 3 9
4 4 4 9
5 5 5 9
6 6 6 9
7 7 7 9
8 8 8 9
9 9 9 9
-7 -7 -7 14
-6 -6 -6 14
-5 -5 -5 13
-4 -4 -4 12
-3 -3 -3 12
-2 -2 -2 11
-1 -1 -1 10
0 0 0 10
1 1 1 9
2 2 2 9
3 3 3 8
4 4 4 8
5 5 5 8
6 6 6 8
7 7 7 8
8 8 8 8
9 9 9 8
-7 -7 -7 13
-6 -6 -6 13
-5 -5 -5 12
-4 -4 -4 12
-3 -3 -3 11
-2 -2 -2 10
-1 -1 -1 10
0 0 0 9
1 1 1 8
2 2 2 8
3 3 3 7
4 4 4 7
5 5 5 7
6 6 6 7
7 7 7 7
8 8 8 7
9 9 9 7
-6 -6 -6 12
-5 -5 -5 12
-4 -4 -4 11
-3 -3 -3 11
-2 -2 -2 10
-1 -1 -1 9
0 0 0 8
1 1 1 8
2 2 2 7
3 3 3 7
4 4 4 6
5 5 5 6
6 6 6 6
7 7 7 6
8 8 8 6
-6 -6 -6 11
-5 -5 -5 11
-4 -4 -4 11
-3 -3 -3 10
-2 -2 -2 9
-1 -1 -1 8
0 0 0 8
1 1 1 7
2 2 2 6
3 3 3 6
4 4 4 5
5 5 5 5
6 6 6 5
7 7 7 5
8 8 8 5
-5 -5 -5 10
-4 -4 -4 10
-3 -3 -3 10
-2 -2 -2 9
-1 -1 -1 8
0 0 0 7
1 1 1 6
2 2 2 6
3 3 3 5
4 4 4 4
5 5 5 4
6 6 6 4
7 7 7 4
-4 -4 -4 9
-3 -3 -3 9
-2 -2 -2 8
-1 -1 -1 7
0 0 0 7
1 1 1 6
2 2 2 5
3 3 3 4
4 4 4 4
5 5 5 3
6 6 6 3
-2 -2 -2 8
-1 -1 -1 7
0 0 0 6
1 1 1 5
2 2 2 4
3 3 3 4
4 4 4 3
1 1 1 16
-2 -2 -2 14
-1 -1 -1 15
0 0 0 16
1 1 1 16
2 2 2 17
3 3 3 17
4 4 4 18
-4 -4 -4 13
-3 -3 -3 13
-2 -2 -2 14
-1 -1 -1 15
0 0 0 15
1 1 1 16
2 2 2 16
3 3 3 17
4 4 4 18
5 5 5 18
6 6 6 19
-5 -5 -5 12
-4 -4 -4 13
-3 -3 -3 13
-2 -2 -2 14
-1 -1 -1 15
0 0 0 15
1 1 1 16
2 2 2 16
3 3 3 17
4 4 4 17
5 5 5 18
6 6 6 18
7 7 7 18
-6 -6 -6 11
-5 -5 -5 12
-4 -4 -4 13
-3 -3 -3 13
-2 -2 -2 14
-1 -1 -1 15
0 0 0 15
1 1 1 16
2 2 2 16
3 3 3 17
4 4 4 17
5 5 5 17
6 6 6 17
7 7 7 17
8 8 8 17
-6 -6 -6 11
-5 -5 -5 12
-4 -4 -4 13
-3 -3 -3 14
-2 -2 -2 14
-1 -1 -1 15
0 0 0 15
1 1 1 16
2 2 2 16
3 3 3 16
4 4 4 16
5 5 5 16
6 6 6 16
7 7 7 16
8 8 8 16
-7 -7 -7 11
-6 -6 -6 11
-5 -5 -5 12
-4 -4 -4 13
-3 -3 -3 14
-2 -2 -2 14
-1 -1 -1 15
0 0 0 15
1 1 1 15
2 2 2 15
3 3 3 15
4 4 4 15
5 5 5 15
6 6 6 15
7 7 7 15
8 8 8 15
9 9 9 15
-7 -7 -7 11
-6 -6 -6 12
-5 -5 -5 12
-4 -4 -4 13
-3 -3 -3 14
-2 -2 -2 15
-1 -1 -1 15
0 0 0 15
1 1 1 14
2 2 2 14
3 3 3 14
4 4 4 14
5 5 5 14
6 6 6 14
7 7 7 14
8 8 8 14
9 9 9 14
-7 -7 -7 11
-6 -6 -6 12
-5 -5 -5 13
-4 -4 -4 13
-3 -3 -3 14
-2 -2 -2 15
-1 -1 -1 14
0 0 0 14
1 1 1 13
2 2 2 13
3 3 3 13
4 4 4 13
5 5 5 13
6 6 6 13
7 7 7 13
8 8 8 13
9 9 9 13
-8 -8 -8 11
-7 -7 -7 12
-6 -6 -6 12
-5 -5 -5 13
-4 -4 -4 14
-3 -3 -3 15
-2 -2 -2 14
-1 -1 -1 13
0 0 0 13
1 1 1 13
2 2 2 12
3 3 3 12
4 4 4 12
5 5 5 12
6 6 6 12
7 7 7 12
8 8 8 12
9 9 9 12
10 10 10 12
-8 -8 -8 12
-7 -7 -7 12
-6 -6 -6 13
-5 -5 -5 14
-4 -4 -4 14
-3 -3 -3 14
-2 -2 -2 13
-1 -1 -1 13
0 0 0 12
1 1 1 12
2 2 2 11
3 3 3 11
4 4 4 11
5 5 5 11
6 6 6 11
7 7 7 11
8 8 8 11
9 9 9 11
10 10 10 11
-8 -8 -8 12
-7 -7 -7 13
-6 -6 -6 13
-5 -5 -5 14
-4 -4 -4 14
-3 -3 -3 13
-2 -2 -2 12
-1 -1 -1 12
0 0 0 11
1 1 1 11
2 2 2 10
3 3 3 10
4 4 4 10
5 5 5 10
6 6 6 10
7 7 7 10
8 8 8 10
9 9 9 10
10 10 10 10
-7 -7 -7 13
-6 -6 -6 14
-5 -5 -5 14
-4 -4 -4 13
-3 -3 -3 12
-2 -2 -2 12
-1 -1 -1 11
0 0 0 10
1 1 1 10
2 2 2 9
3 3 3 9
4 4 4 9
5 5 5 9
6 6 6 9
7 7 7 9
8 8 8 9
9 9 9 9
-7 -7 -7 13
-6 -6 -6 13
-5 -5 -5 13
-4 -4 -4 12
-3 -3 -3 12
-2 -2 -2 11
-1 -1 -1 10
0 0 0 10
1 1 1 9
2 2 2 9
3 3 3 8
4 4 4 8
5 5 5 8
6 6 6 8
7 7 7 8
8 8 8 8
9 9 9 8
-7 -7 -7 13
-6 -6 -6 12
-5 -5 -5 12
-4 -4 -4 12
-3 -3 -3 11
-2 -2 -2 10
-1 -1 -1 9
0 0 0 9
1 1 1 8
2 2 2 8
3 3 3 7
4 4 4 7
5 5 5 7
6 6 6 7
7 7 7 7
8 8 8 7
9 9 9 7
-6 -6 -6 11
-5 -5 -5 11
-4 -4 -4 11
-3 -3 -3 10
-2 -2 -2 10
-1 -1 -1 9
0 0 0 8
1 1 1 7
2 2 2 7
3 3 3 6
4 4 4 6
5 5 5 6
6 6 6 6
7 7 7 6
8 8 8 6
-6 -6 -6 11
-5 -5 -5 10
-4 -4 -4 10
-3 -3 -3 10
-2 -2 -2 9
-1 -1 -1 8
0 0 0 7
1 1 1 7
2 2 2 6
3 3 3 5
4 4 4 5
5 5 5 5
6 6 6 5
7 7 7 5
8 8 8 5
-5 -5 -5 9
-4 -4 -4 9
-3 -3 -3 9
-2 -2 -2 9
-1 -1 -1 8
0 0 0 7
1 1 1 6
2 2 2 5
3 3 3 5
4 4 4 4
5 5 5 4
6 6 6 4
7 7 7 4
-4 -4 -4 8
-3 -3 -3 8
-2 -2 -2 8
-1 -1 -1 7
0 0 0 6
1 1 1 5
2 2 2 5
3 3 3 4
4 4 4 3
5 5 5 3
6 6 6 3
-2 -2 -2 7
-1 -1 -1 7
0 0 0 6
1 1 1 5
2 2 2 4
3 3 3 3
4 4 4 3
1 1 1 5
-1 -1 -1 15
0 0 0 15
1 1 1 16
2 2 2 16
3 3 3 17
-3 -3 -3 14
-2 -2 -2 14
-1 -1 -1 14
0 0 0 15
1 1 1 15
2 2 2 16
3 3 3 16
4 4 4 17
5 5 5 18
-4 -4 -4 13
-3 -3 -3 13
-2 -2 -2 14
-1 -1 -1 14
0 0 0 15
1 1 1 15
2 2 2 16
3 3 3 16
4 4 4 17
5 5 5 17
6 6 6 18
-5 -5 -5 12
-4 -4 -4 13
-3 -3 -3 13
-2 -2 -2 14
-1 -1 -1 14
0 0 0 14
1 1 1 15
2 2 2 15
3 3 3 16
4 4 4 17
5 5 5 17
6 6 6 18
7 7 7 17
-6 -6 -6 12
-5 -5 -5 12
-4 -4 -4 13
-3 -3 -3 13
-2 -2 -2 13
-1 -1 -1 14
0 0 0 14
1 1 1 15
2 2 2 15
3 3 3 16
4 4 4 17
5 5 5 17
6 6 6 17
7 7 7 17
8 8 8 17
-7 -7 -7 11
-6 -6 -6 12
-5 -5 -5 12
-4 -4 -4 13
-3 -3 -3 13
-2 -2 -2 13
-1 -1 -1 14
0 0 0 14
1 1 1 15
2 2 2 15
3 3 3 16
4 4 4 16
5 5 5 16
6 6 6 16
7 7 7 16
8 8 8 16
9 9 9 16
-7 -7 -7 11
-6 -6 -6 12
-5 -5 -5 13
-4 -4 -4 13
-3 -3 -3 13
-2 -2 -2 13
-1 -1 -1 14
0 0 0 14
1 1 1 15
2 2 2 15
3 3 3 15
4 4 4 15
5 5 5 15
6 6 6 15
7 7 7 15
8 8 8 15
9 9 9 15
-8 -8 -8 11
-7 -7 -7 12
-6 -6 -6 12
-5 -5 -5 13
-4 -4 -4 13
-3 -3 -3 13
-2 -2 -2 14
-1 -1 -1 14
0 0 0 14
1 1 1 14
2 2 2 14
3 3 3 14
4 4 4 14
5 5 5 14
6 6 6 14
7 7 7 14
8 8 8 14
9 9 9 14
10 10 10 14
-8 -8 -8 11
-7 -7 -7 12
-6 -6 -6 13
-5 -5 -5 13
-4 -4 -4 13
-3 -3 -3 13
-2 -2 -2 14
-1 -1 -1 14
0 0 0 14
1 1 1 13
2 2 2 13
3 3 3 13
4 4 4 13
5 5 5 13
6 6 6 13
7 7 7 13
8 8 8 13
9 9 9 13
10 10 10 13
-8 -8 -8 12
-7 -7 -7 12
-6 -6 -6 13
-5 -5 -5 13
-4 -4 -4 13
-3 -3 -3 14
-2 -2 -2 14
-1 -1 -1 13
0 0 0 13
1 1 1 13
2 2 2 12
3 3 3 12
4 4 4 12
5 5 5 12
6 6 6 12
7 7 7 12
8 8 8 12
9 9 9 12
10 10 10 12
-8 -8 -8 12
-7 -7 -7 13
-6 -6 -6 13
-5 -5 -5 14
-4 -4 -4 14
-3 -3 -3 14
-2 -2 -2 13
-1 -1 -1 13
0 0 0 12
1 1 1 12
2 2 2 11
3 3 3 11
4 4 4 11
5 5 5 11
6 6 6 11
7 7 7 11
8 8 8 11
9 9 9 11
10 10 10 11
-8 -8 -8 12
-7 -7 -7 13
-6 -6 -6 13
-5 -5 -5 14
-4 -4 -4 14
-3 -3 -3 13
-2 -2 -2 12
-1 -1 -1 12
0 0 0 11
1 1 1 11
2 2 2 10
3 3 3 10
4 4 4 10
5 5 5 10
6 6 6 10
7 7 7 10
8 8 8 10
9 9 9 10
10 10 10 10
-8 -8 -8 13
-7 -7 -7 13
-6 -6 -6 14
-5 -5 -5 13
-4 -4 -4 13
-3 -3 -3 12
-2 -2 -2 12
-1 -1 -1 11
0 0 0 10
1 1 1 10
2 2 2 9
3 3 3 9
4 4 4 9
5 5 5 9
6 6 6 9
7 7 7 9
8 8 8 9
9 9 9 9
10 10 10 9
-8 -8 -8 13
-7 -7 -7 13
-6 -6 -6 13
-5 -5 -5 13
-4 -4 -4 12
-3 -3 -3 12
-2 -2 -2 11
-1 -1 -1 10
0 0 0 10
1 1 1 9
2 2 2 8
3 3 3 8
4 4 4 8
5 5 5 8
6 6 6 8
7 7 7 8
8 8 8 8
9 9 9 8
10 10 10 8
-7 -7 -7 12
-6 -6 -6 12
-5 -5 -5 12
-4 -4 -4 11
-3 -3 -3 11
-2 -2 -2 10
-1 -1 -1 9
0 0 0 9
1 1 1 8
2 2 2 8
3 3 3 7
4 4 4 7
5 5 5 7
6 6 6 7
7 7 7 7
8 8 8 7
9 9 9 7
-7 -7 -7 11
-6 -6 -6 11
-5 -5 -5 11
-4 -4 -4 10
-3 -3 -3 10
-2 -2 -2 10
-1 -1 -1 9
0 0 0 8
1 1 1 7
2 2 2 7
3 3 3 6
4 4 4 6
5 5 5 6
6 6 6 6
7 7 7 6
8 8 8 6
9 9 9 6
-6 -6 -6 10
-5 -5 -5 10
-4 -4 -4 10
-3 -3 -3 9
-2 -2 -2 9
-1 -1 -1 8
0 0 0 7
1 1 1 7
2 2 2 6
3 3 3 5
4 4 4 5
5 5 5 5
6 6 6 5
7 7 7 5
8 8 8 5
-5 -5 -5 9
-4 -4 -4 9
-3 -3 -3 9
-2 -2 -2 8
-1 -1 -1 8
0 0 0 7
1 1 1 6
2 2 2 5
3 3 3 5
4 4 4 4
5 5 5 4
6 6 6 4
7 7 7 4
-4 -4 -4 8
-3 -3 -3 8
-2 -2 -2 8
-1 -1 -1 7
0 0 0 6
1 1 1 5
2 2 2 5
3 3 3 4
4 4 4 3
5 5 5 3
6 6 6 3
-3 -3 -3 7
-2 -2 -2 7
-1 -1 -1 7
0 0 0 6
1 1 1 5
2 2 2 4
3 3 3 3
4 4 4 2
5 5 5 2
-1 -1 -1 6
0 0 0 6
1 1 1 5
2 2 2 4
3 3 3 3
-2 -2 -2 13
-1 -1 -1 14
0 0 0 14
1 1 1 15
2 2 2 15
3 3 3 16
4 4 4 17
-3 -3 -3 13
-2 -2 -2 13
-1 -1 -1 14
0 0 0 14
1 1 1 14
2 2 2 15
3 3 3 16
4 4 4 16
5 5 5 17
-5 -5 -5 12
-4 -4 -4 12
-3 -3 -3 13
-2 -2 -2 13
-1 -1 -1 13
0 0 0 14
1 1 1 14
2 2 2 15
3 3 3 15
4 4 4 16
5 5 5 17
6 6 6 17
7 7 7 16
-6 -6 -6 12
-5 -5 -5 12
-4 -4 -4 12
-3 -3 -3 12
-2 -2 -2 13
-1 -1 -1 13
0 0 0 14
1 1 1 14
2 2 2 15
3 3 3 15
4 4 4 16
5 5 5 17
6 6 6 17
7 7 7 17
8 8 8 16
-6 -6 -6 12
-5 -5 -5 12
-4 -4 -4 12
-3 -3 -3 12
-2 -2 -2 13
-1 -1 -1 13
0 0 0 13
1 1 1 14
2 2 2 15
3 3 3 15
4 4 4 16
5 5 5 17
6 6 6 17
7 7 7 17
8 8 8 16
-7 -7 -7 12
-6 -6 -6 12
-5 -5 -5 12
-4 -4 -4 12
-3 -3 -3 12
-2 -2 -2 13
-1 -1 -1 13
0 0 0 13
1 1 1 14
2 2 2 15
3 3 3 15
4 4 4 16
5 5 5 16
6 6 6 16
7 7 7 16
8 8 8 16
9 9 9 16
-8 -8 -8 11
-7 -7 -7 12
-6 -6 -6 12
-5 -5 -5 12
-4 -4 -4 12
-3 -3 -3 12
-2 -2 -2 13
-1 -1 -1 13
0 0 0 13
1 1 1 14
2 2 2 15
3 3 3 15
4 4 4 15
5 5 5 15
6 6 6 15
7 7 7 15
8 8 8 15
9 9 9 15
10 10 10 15
-8 -8 -8 11
-7 -7 -7 12
-6 -6 -6 12
-5 -5 -5 12
-4 -4 -4 12
-3 -3 -3 12
-2 -2 -2 13
-1 -1 -1 13
0 0 0 14
1 1 1 14
2 2 2 14
3 3 3 14
4 4 4 14
5 5 5 14
6 6 6 14
7 7 7 14
8 8 8 14
9 9 9 14
10 10 10 14
-8 -8 -8 11
-7 -7 -7 12
-6 -6 -6 12
-5 -5 -5 12
-4 -4 -4 12
-3 -3 -3 13
-2 -2 -2 13
-1 -1 -1 13
0 0 0 14
1 1 1 13
2 2 2 13
3 3 3 13
4 4 4 13
5 5 5 13
6 6 6 13
7 7 7 13
8 8 8 13
9 9 9 13
10 10 10 13
-8 -8 -8 11
-7 -7 -7 12
-6 -6 -6 12
-5 -5 -5 12
-4 -4 -4 13
-3 -3 -3 13
-2 -2 -2 13
-1 -1 -1 13
0 0 0 13
1 1 1 13
2 2 2 12
3 3 3 12
4 4 4 12
5 5 5 12
6 6 6 12
7 7 7 12
8 8 8 12
9 9 9 12
10 10 10 12
-8 -8 -8 11
-7 -7 -7 12
-6 -6 -6 12
-5 -5 -5 13
-4 -4 -4 13
-3 -3 -3 13
-2 -2 -2 13
-1 -1 -1 13
0 0 0 12
1 1 1 12
2 2 2 11
3 3 3 11
4 4 4 11
5 5 5 11
6 6 6 11
7 7 7 11
8 8 8 11
9 9 9 11
10 10 10 11
-8 -8 -8 12
-7 -7 -7 12
-6 -6 -6 13
-5 -5 -5 13
-4 -4 -4 13
-3 -3 -3 13
-2 -2 -2 12
-1 -1 -1 12
0 0 0 11
1 1 1 11
2 2 2 10
3 3 3 10
4 4 4 10
5 5 5 10
6 6 6 10
7 7 7 10
8 8 8 10
9 9 9 10
10 10 10 10
-8 -8 -8 12
-7 -7 -7 12
-6 -6 -6 13
-5 -5 -5 13
-4 -4 -4 13
-3 -3 -3 12
-2 -2 -2 12
-1 -1 -1 11
0 0 0 10
1 1 1 10
2 2 2 9
3 3 3 9
4 4 4 9
5 5 5 9
6 6 6 9
7 7 7 9
8 8 8 9
9 9 9 9
10 10 10 9
-8 -8 -8 12
-7 -7 -7 12
-6 -6 -6 13
-5 -5 -5 12
-4 -4 -4 12
-3 -3 -3 12
-2 -2 -2 11
-1 -1 -1 10
0 0 0 10
1 1 1 9
2 2 2 9
3 3 3 8
4 4 4 8
5 5 5 8
6 6 6 8
7 7 7 8
8 8 8 8
9 9 9 8
10 10 10 9
-8 -8 -8 12
-7 -7 -7 12
-6 -6 -6 12
-5 -5 -5 11
-4 -4 -4 11
-3 -3 -3 11
-2 -2 -2 10
-1 -1 -1 9
0 0 0 9
1 1 1 8
2 2 2 8
3 3 3 7
4 4 4 7
5 5 5 7
6 6 6 7
7 7 7 7
8 8 8 7
9 9 9 7
10 10 10 8
-7 -7 -7 11
-6 -6 -6 11
-5 -5 -5 10
-4 -4 -4 10
-3 -3 -3 10
-2 -2 -2 10
-1 -1 -1 9
0 0 0 8
1 1 1 7
2 2 2 7
3 3 3 6
4 4 4 6
5 5 5 6
6 6 6 6
7 7 7 6
8 8 8 6
9 9 9 6
-6 -6 -6 10
-5 -5 -5 9
-4 -4 -4 9
-3 -3 -3 9
-2 -2 -2 9
-1 -1 -1 8
0 0 0 7
1 1 1 7
2 2 2 6
3 3 3 5
4 4 4 5
5 5 5 5
6 6 6 5
7 7 7 5
8 8 8 5
-6 -6 -6 9
-5 -5 -5 9
-4 -4 -4 8
-3 -3 -3 8
-2 -2 -2 8
-1 -1 -1 8
0 0 0 7
1 1 1 6
2 2 2 5
3 3 3 5
4 4 4 4
5 5 5 4
6 6 6 4
7 7 7 4
8 8 8 4
-5 -5 -5 8
-4 -4 -4 7
-3 -3 -3 7
-2 -2 -2 7
-1 -1 -1 7
0 0 0 6
1 1 1 5
2 2 2 5
3 3 3 4
4 4 4 3
5 5 5 3
6 6 6 3
7 7 7 3
-3 -3 -3 6
-2 -2 -2 6
-1 -1 -1 6
0 0 0 6
1 1 1 5
2 2 2 4
3 3 3 3
4 4 4 3
5 5 5 2
-2 -2 -2 5
-1 -1 -1 5
0 0 0 6
1 1 1 5
2 2 2 4
3 3 3 3
4 4 4 2
0 0 0 14
1 1 1 14
2 2 2 15
-3 -3 -3 12
-2 -2 -2 13
-1 -1 -1 13
0 0 0 13
1 1 1 14
2 2 2 15
3 3 3 15
4 4 4 16
5 5 5 17
-4 -4 -4 12
-3 -3 -3 12
-2 -2 -2 12
-1 -1 -1 13
0 0 0 13
1 1 1 14
2 2 2 14
3 3 3 15
4 4 4 16
5 5 5 16
6 6 6 16
-5 -5 -5 11
-4 -4 -4 11
-3 -3 -3 12
-2 -2 -2 12
-1 -1 -1 12
0 0 0 13
1 1 1 13
2 2 2 14
3 3 3 15
4 4 4 15
5 5 5 16
6 6 6 16
7 7 7 16
-6 -6 -6 11
-5 -5 -5 11
-4 -4 -4 11
-3 -3 -3 11
-2 -2 -2 12
-1 -1 -1 12
0 0 0 13
1 1 1 13
2 2 2 14
3 3 3 15
4 4 4 15
5 5 5 16
6 6 6 16
7 7 7 16
8 8 8 15
-7 -7 -7 11
-6 -6 -6 11
-5 -5 -5 11
-4 -4 -4 11
-3 -3 -3 11
-2 -2 -2 12
-1 -1 -1 12
0 0 0 13
1 1 1 13
2 2 2 14
3 3 3 14
4 4 4 15
5 5 5 16
6 6 6 17
7 7 7 16
8 8 8 16
9 9 9 15
-8 -8 -8 11
-7 -7 -7 11
-6 -6 -6 11
-5 -5 -5 11
-4 -4 -4 11
-3 -3 -3 11
-2 -2 -2 12
-1 -1 -1 12
0 0 0 13
1 1 1 13
2 2 2 14
3 3 3 14
4 4 4 15
5 5 5 16
6 6 6 16
7 7 7 16
8 8 8 16
9 9 9 15
10 10 10 15
-8 -8 -8 11
-7 -7 -7 11
-6 -6 -6 11
-5 -5 -5 11
-4 -4 -4 11
-3 -3 -3 11
-2 -2 -2 12
-1 -1 -1 12
0 0 0 13
1 1 1 13
2 2 2 14
3 3 3 14
4 4 4 15
5 5 5 15
6 6 6 15
7 7 7 15
8 8 8 15
9 9 9 15
10 10 10 15
-8 -8 -8 10
-7 -7 -7 11
-6 -6 -6 11
-5 -5 -5 11
-4 -4 -4 11
-3 -3 -3 11
-2 -2 -2 12
-1 -1 -1 12
0 0 0 13
1 1 1 13
2 2 2 14
3 3 3 14
4 4 4 14
5 5 5 14
6 6 6 14
7 7 7 14
8 8 8 14
9 9 9 14
10 10 10 14
-9 -9 -9 10
-8 -8 -8 10
-7 -7 -7 11
-6 -6 -6 11
-5 -5 -5 11
-4 -4 -4 11
-3 -3 -3 12
-2 -2 -2 12
-1 -1 -1 12
0 0 0 13
1 1 1 13
2 2 2 13
3 3 3 13
4 4 4 13
5 5 5 13
6 6 6 13
7 7 7 13
8 8 8 13
9 9 9 13
10 10 10 13
11 11 11 14
-9 -9 -9 10
-8 -8 -8 10
-7 -7 -7 11
-6 -6 -6 11
-5 -5 -5 11
-4 -4 -4 12
-3 -3 -3 12
-2 -2 -2 12
-1 -1 -1 13
0 0 0 13
1 1 1 13
2 2 2 12
3 3 3 12
4 4 4 12
5 5 5 12
6 6 6 12
7 7 7 12
8 8 8 12
9 9 9 12
10 10 10 12
11 11 11 13
-9 -9 -9 10
-8 -8 -8 11
-7 -7 -7 11
-6 -6 -6 12
-5 -5 -5 12
-4 -4 -4 12
-3 -3 -3 12
-2 -2 -2 13
-1 -1 -1 13
0 0 0 12
1 1 1 12
2 2 2 11
3 3 3 11
4 4 4 11
5 5 5 11
6 6 6 11
7 7 7 11
8 8 8 11
9 9 9 11
10 10 10 11
11 11 11 12
-9 -9 -9 10
-8 -8 -8 11
-7 -7 -7 11
-6 -6 -6 12
-5 -5 -5 12
-4 -4 -4 12
-3 -3 -3 13
-2 -2 -2 12
-1 -1 -1 12
0 0 0 11
1 1 1 11
2 2 2 10
3 3 3 10
4 4 4 10
5 5 5 10
6 6 6 10
7 7 7 10
8 8 8 10
9 9 9 10
10 10 10 10
11 11 11 11
-9 -9 -9 11
-8 -8 -8 11
-7 -7 -7 12
-6 -6 -6 12
-5 -5 -5 13
-4 -4 -4 13
-3 -3 -3 12
-2 -2 -2 12
-1 -1 -1 11
0 0 0 11
1 1 1 10
2 2 2 10
3 3 3 9
4 4 4 9
5 5 5 9
6 6 6 9
7 7 7 9
8 8 8 9
9 9 9 9
10 10 10 10
11 11 11 10
-8 -8 -8 11
-7 -7 -7 12
-6 -6 -6 12
-5 -5 -5 12
-4 -4 -4 12
-3 -3 -3 12
-2 -2 -2 11
-1 -1 -1 10
0 0 0 10
1 1 1 9
2 2 2 9
3 3 3 8
4 4 4 8
5 5 5 8
6 6 6 8
7 7 7 8
8 8 8 8
9 9 9 8
10 10 10 9
-8 -8 -8 11
-7 -7 -7 11
-6 -6 -6 11
-5 -5 -5 11
-4 -4 -4 11
-3 -3 -3 11
-2 -2 -2 10
-1 -1 -1 10
0 0 0 9
1 1 1 8
2 2 2 8
3 3 3 7
4 4 4 7
5 5 5 7
6 6 6 7
7 7 7 7
8 8 8 7
9 9 9 7
10 10 10 8
-8 -8 -8 11
-7 -7 -7 11
-6 -6 -6 10
-5 -5 -5 10
-4 -4 -4 10
-3 -3 -3 10
-2 -2 -2 10
-1 -1 -1 9
0 0 0 8
1 1 1 8
2 2 2 7
3 3 3 7
4 4 4 6
5 5 5 6
6 6 6 6
7 7 7 6
8 8 8 6
9 9 9 7
10 10 10 7
-7 -7 -7 10
-6 -6 -6 10
-5 -5 -5 9
-4 -4 -4 9
-3 -3 -3 9
-2 -2 -2 9
-1 -1 -1 8
0 0 0 8
1 1 1 7
2 2 2 6
3 3 3 6
4 4 4 5
5 5 5 5
6 6 6 5
7 7 7 5
8 8 8 5
9 9 9 6
-6 -6 -6 9
-5 -5 -5 8
-4 -4 -4 8
-3 -3 -3 8
-2 -2 -2 8
-1 -1 -1 8
0 0 0 7
1 1 1 6
2 2 2 6
3 3 3 5
4 4 4 4
5 5 5 4
6 6 6 4
7 7 7 4
8 8 8 4
-5 -5 -5 7
-4 -4 -4 7
-3 -3 -3 7
-2 -2 -2 7
-1 -1 -1 7
0 0 0 7
1 1 1 6
2 2 2 5
3 3 3 4
4 4 4 4
5 5 5 3
6 6 6 3
7 7 7 3
-4 -4 -4 6
-3 -3 -3 6
-2 -2 -2 6
-1 -1 -1 6
0 0 0 6
1 1 1 5
2 2 2 4
3 3 3 4
4 4 4 3
5 5 5 3
6 6 6 2
-3 -3 -3 5
-2 -2 -2 5
-1 -1 -1 5
0 0 0 5
1 1 1 5
2 2 2 4
3 3 3 3
4 4 4 3
5 5 5 2
0 0 0 4
1 1 1 5
2 2 2 4
-2 -2 -2 12
-1 -1 -1 13
0 0 0 13
1 1 1 14
2 2 2 14
3 3 3 15
4 4 4 16
-4 -4 -4 11
-3 -3 -3 11
-2 -2 -2 12
-1 -1 -1 12
0 0 0 13
1 1 1 13
2 2 2 14
3 3 3 15
4 4 4 15
5 5 5 16
6 6 6 15
-5 -5 -5 10
-4 -4 -4 11
-3 -3 -3 11
-2 -2 -2 11
-1 -1 -1 12
0 0 0 12
1 1 1 13
2 2 2 14
3 3 3 14
4 4 4 15
5 5 5 16
6 6 6 15
7 7 7 15
-6 -6 -6 10
-5 -5 -5 10
-4 -4 -4 10
-3 -3 -3 11
-2 -2 -2 11
-1 -1 -1 12
0 0 0 12
1 1 1 13
2 2 2 13
3 3 3 14
4 4 4 15
5 5 5 15
6 6 6 15
7 7 7 15
8 8 8 14
-7 -7 -7 10
-6 -6 -6 10
-5 -5 -5 10
-4 -4 -4 10
-3 -3 -3 10
-2 -2 -2 11
-1 -1 -1 11
0 0 0 12
1 1 1 12
2 2 2 13
3 3 3 14
4 4 4 15
5 5 5 15
6 6 6 16
7 7 7 15
8 8 8 14
9 9 9 14
-8 -8 -8 10
-7 -7 -7 10
-6 -6 -6 10
-5 -5 -5 10
-4 -4 -4 10
-3 -3 -3 10
-2 -2 -2 11
-1 -1 -1 11
0 0 0 12
1 1 1 12
2 2 2 13
3 3 3 14
4 4 4 14
5 5 5 15
6 6 6 16
7 7 7 15
8 8 8 15
9 9 9 14
10 10 10 14
-8 -8 -8 10
-7 -7 -7 10
-6 -6 -6 10
-5 -5 -5 10
-4 -4 -4 10
-3 -3 -3 10
-2 -2 -2 11
-1 -1 -1 11
0 0 0 12
1 1 1 12
2 2 2 13
3 3 3 14
4 4 4 14
5 5 5 15
6 6 6 16
7 7 7 16
8 8 8 15
9 9 9 15
10 10 10 14
-9 -9 -9 9
-8 -8 -8 10
-7 -7 -7 10
-6 -6 -6 10
-5 -5 -5 10
-4 -4 -4 10
-3 -3 -3 10
-2 -2 -2 11
-1 -1 -1 11
0 0 0 12
1 1 1 12
2 2 2 13
3 3 3 14
4 4 4 14
5 5 5 15
6 6 6 15
7 7 7 15
8 8 8 15
9 9 9 15
10 10 10 15
11 11 11 14
-9 -9 -9 9
-8 -8 -8 10
-7 -7 -7 10
-6 -6 -6 10
-5 -5 -5 10
-4 -4 -4 10
-3 -3 -3 10
-2 -2 -2 11
-1 -1 -1 11
0 0 0 12
1 1 1 12
2 2 2 13
3 3 3 14
4 4 4 14
5 5 5 14
6 6 6 14
7 7 7 14
8 8 8 14
9 9 9 14
10 10 10 14
11 11 11 15
-9 -9 -9 9
-8 -8 -8 10
-7 -7 -7 10
-6 -6 -6 10
-5 -5 -5 10
-4 -4 -4 10
-3 -3 -3 11
-2 -2 -2 11
-1 -1 -1 12
0 0 0 12
1 1 1 13
2 2 2 13
3 3 3 13
4 4 4 13
5 5 5 13
6 6 6 13
7 7 7 13
8 8 8 13
9 9 9 13
10 10 10 13
11 11 11 14
-9 -9 -9 9
-8 -8 -8 10
-7 -7 -7 10
-6 -6 -6 10
-5 -5 -5 10
-4 -4 -4 11
-3 -3 -3 11
-2 -2 -2 11
-1 -1 -1 12
0 0 0 12
1 1 1 13
2 2 2 13
3 3 3 12
4 4 4 12
5 5 5 12
6 6 6 12
7 7 7 12
8 8 8 12
9 9 9 12
10 10 10 13
11 11 11 13
-9 -9 -9 9
-8 -8 -8 10
-7 -7 -7 10
-6 -6 -6 11
-5 -5 -5 11
-4 -4 -4 11
-3 -3 -3 11
-2 -2 -2 12
-1 -1 -1 12
0 0 0 12
1 1 1 12
2 2 2 12
3 3 3 11
4 4 4 11
5 5 5 11
6 6 6 11
7 7 7 11
8 8 8 11
9 9 9 11
10 10 10 12
11 11 11 12
-9 -9 -9 9
-8 -8 -8 10
-7 -7 -7 11
-6 -6 -6 11
-5 -5 -5 11
-4 -4 -4 12
-3 -3 -3 12
-2 -2 -2 12
-1 -1 -1 12
0 0 0 12
1 1 1 11
2 2 2 11
3 3 3 10
4 4 4 10
5 5 5 10
6 6 6 10
7 7 7 10
8 8 8 10
9 9 9 10
10 10 10 11
11 11 11 11
-9 -9 -9 10
-8 -8 -8 10
-7 -7 -7 11
-6 -6 -6 12
-5 -5 -5 12
-4 -4 -4 12
-3 -3 -3 12
-2 -2 -2 12
-1 -1 -1 11
0 0 0 11
1 1 1 10
2 2 2 10
3 3 3 9
4 4 4 9
5 5 5 9
6 6 6 9
7 7 7 9
8 8 8 9
9 9 9 9
10 10 10 10
11 11 11 10
-9 -9 -9 10
-8 -8 -8 10
-7 -7 -7 11
-6 -6 -6 12
-5 -5 -5 12
-4 -4 -4 12
-3 -3 -3 12
-2 -2 -2 11
-1 -1 -1 11
0 0 0 10
1 1 1 9
2 2 2 9
3 3 3 9
4 4 4 8
5 5 5 8
6 6 6 8
7 7 7 8
8 8 8 8
9 9 9 9
10 10 10 9
11 11 11 9
-9 -9 -9 9
-8 -8 -8 10
-7 -7 -7 11
-6 -6 -6 11
-5 -5 -5 11
-4 -4 -4 11
-3 -3 -3 11
-2 -2 -2 11
-1 -1 -1 10
0 0 0 9
1 1 1 9
2 2 2 8
3 3 3 8
4 4 4 7
5 5 5 7
6 6 6 7
7 7 7 7
8 8 8 7
9 9 9 8
10 10 10 8
11 11 11 9
-8 -8 -8 10
-7 -7 -7 10
-6 -6 -6 10
-5 -5 -5 10
-4 -4 -4 10
-3 -3 -3 10
-2 -2 -2 10
-1 -1 -1 9
0 0 0 9
1 1 1 8
2 2 2 7
3 3 3 7
4 4 4 7
5 5 5 6
6 6 6 6
7 7 7 6
8 8 8 7
9 9 9 7
10 10 10 7
-8 -8 -8 10
-7 -7 -7 10
-6 -6 -6 9
-5 -5 -5 9
-4 -4 -4 9
-3 -3 -3 9
-2 -2 -2 9
-1 -1 -1 9
0 0 0 8
1 1 1 7
2 2 2 7
3 3 3 6
4 4 4 6
5 5 5 5
6 6 6 5
7 7 7 5
8 8 8 6
9 9 9 6
10 10 10 7
-7 -7 -7 9
-6 -6 -6 9
-5 -5 -5 8
-4 -4 -4 8
-3 -3 -3 8
-2 -2 -2 8
-1 -1 -1 8
0 0 0 7
1 1 1 7
2 2 2 6
3 3 3 5
4 4 4 5
5 5 5 5
6 6 6 5
7 7 7 5
8 8 8 5
9 9 9 5
-6 -6 -6 8
-5 -5 -5 7
-4 -4 -4 7
-3 -3 -3 7
-2 -2 -2 7
-1 -1 -1 7
0 0 0 7
1 1 1 6
2 2 2 5
3 3 3 5
4 4 4 4
5 5 5 4
6 6 6 4
7 7 7 4
8 8 8 4
-5 -5 -5 6
-4 -4 -4 6
-3 -3 -3 6
-2 -2 -2 6
-1 -1 -1 6
0 0 0 6
1 1 1 6
2 2 2 5
3 3 3 4
4 4 4 4
5 5 5 3
6 6 6 3
7 7 7 3
-4 -4 -4 5
-3 -3 -3 5
-2 -2 -2 5
-1 -1 -1 5
0 0 0 5
1 1 1 5
2 2 2 5
3 3 3 4
4 4 4 3
5 5 5 3
6 6 6 3
-2 -2 -2 4
-1 -1 -1 4
0 0 0 4
1 1 1 5
2 2 2 5
3 3 3 4
4 4 4 3
-1 -1 -1 12
0 0 0 13
1 1 1 13
2 2 2 14
3 3 3 15
-3 -3 -3 11
-2 -2 -2 11
-1 -1 -1 12
0 0 0 12
1 1 1 13
2 2 2 14
3 3 3 14
4 4 4 15
5 5 5 15
-5 -5 -5 10
-4 -4 -4 10
-3 -3 -3 11
-2 -2 -2 11
-1 -1 -1 11
0 0 0 12
1 1 1 13
2 2 2 13
3 3 3 14
4 4 4 15
5 5 5 15
6 6 6 14
7 7 7 14
-6 -6 -6 9
-5 -5 -5 10
-4 -4 -4 10
-3 -3 -3 10
-2 -2 -2 11
-1 -1 -1 11
0 0 0 12
1 1 1 12
2 2 2 13
3 3 3 14
4 4 4 14
5 5 5 15
6 6 6 15
7 7 7 14
8 8 8 13
-7 -7 -7 9
-6 -6 -6 9
-5 -5 -5 9
-4 -4 -4 9
-3 -3 -3 10
-2 -2 -2 10
-1 -1 -1 11
0 0 0 11
1 1 1 12
2 2 2 13
3 3 3 13
4 4 4 14
5 5 5 15
6 6 6 15
7 7 7 14
8 8 8 13
9 9 9 13
-8 -8 -8 9
-7 -7 -7 9
-6 -6 -6 9
-5 -5 -5 9
-4 -4 -4 9
-3 -3 -3 10
-2 -2 -2 10
-1 -1 -1 11
0 0 0 11
1 1 1 12
2 2 2 12
3 3 3 13
4 4 4 14
5 5 5 15
6 6 6 15
7 7 7 14
8 8 8 14
9 9 9 13
10 10 10 13
-8 -8 -8 9
-7 -7 -7 9
-6 -6 -6 9
-5 -5 -5 9
-4 -4 -4 9
-3 -3 -3 9
-2 -2 -2 10
-1 -1 -1 10
0 0 0 11
1 1 1 12
2 2 2 12
3 3 3 13
4 4 4 14
5 5 5 15
6 6 6 15
7 7 7 15
8 8 8 14
9 9 9 13
10 10 10 13
-9 -9 -9 9
-8 -8 -8 9
-7 -7 -7 9
-6 -6 -6 9
-5 -5 -5 9
-4 -4 -4 9
-3 -3 -3 9
-2 -2 -2 10
-1 -1 -1 10
0 0 0 11
1 1 1 12
2 2 2 12
3 3 3 13
4 4 4 14
5 5 5 15
6 6 6 15
7 7 7 15
8 8 8 14
9 9 9 14
10 10 10 13
11 11 11 13
-9 -9 -9 8
-8 -8 -8 9
-7 -7 -7 9
-6 -6 -6 9
-5 -5 -5 9
-4 -4 -4 9
-3 -3 -3 9
-2 -2 -2 10
-1 -1 -1 10
0 0 0 11
1 1 1 12
2 2 2 12
3 3 3 13
4 4 4 14
5 5 5 15
6 6 6 15
7 7 7 15
8 8 8 15
9 9 9 14
10 10 10 14
11 11 11 13
-10 -10 -10 8
-9 -9 -9 8
-8 -8 -8 9
-7 -7 -7 9
-6 -6 -6 9
-5 -5 -5 9
-4 -4 -4 9
-3 -3 -3 10
-2 -2 -2 10
-1 -1 -1 11
0 0 0 11
1 1 1 12
2 2 2 12
3 3 3 13
4 4 4 14
5 5 5 14
6 6 6 14
7 7 7 14
8 8 8 14
9 9 9 14
10 10 10 14
11 11 11 14
12 12 12 14
-10 -10 -10 8
-9 -9 -9 8
-8 -8 -8 9
-7 -7 -7 9
-6 -6 -6 9
-5 -5 -5 9
-4 -4 -4 9
-3 -3 -3 10
-2 -2 -2 10
-1 -1 -1 11
0 0 0 11
1 1 1 12
2 2 2 13
3 3 3 13
4 4 4 13
5 5 5 13
6 6 6 13
7 7 7 13
8 8 8 13
9 9 9 13
10 10 10 14
11 11 11 14
12 12 12 14
-10 -10 -10 8
-9 -9 -9 8
-8 -8 -8 9
-7 -7 -7 9
-6 -6 -6 9
-5 -5 -5 10
-4 -4 -4 10
-3 -3 -3 10
-2 -2 -2 11
-1 -1 -1 11
0 0 0 12
1 1 1 12
2 2 2 13
3 3 3 13
4 4 4 12
5 5 5 12
6 6 6 12
7 7 7 12
8 8 8 12
9 9 9 13
10 10 10 13
11 11 11 13
12 12 12 14
-10 -10 -10 8
-9 -9 -9 8
-8 -8 -8 9
-7 -7 -7 10
-6 -6 -6 10
-5 -5 -5 10
-4 -4 -4 10
-3 -3 -3 11
-2 -2 -2 11
-1 -1 -1 11
0 0 0 12
1 1 1 12
2 2 2 12
3 3 3 12
4 4 4 11
5 5 5 11
6 6 6 11
7 7 7 11
8 8 8 11
9 9 9 12
10 10 10 12
11 11 11 12
12 12 12 13
-10 -10 -10 8
-9 -9 -9 9
-8 -8 -8 9
-7 -7 -7 10
-6 -6 -6 10
-5 -5 -5 11
-4 -4 -4 11
-3 -3 -3 11
-2 -2 -2 11
-1 -1 -1 12
0 0 0 12
1 1 1 11
2 2 2 11
3 3 3 11
4 4 4 10
5 5 5 10
6 6 6 10
7 7 7 10
8 8 8 10
9 9 9 11
10 10 10 11
11 11 11 11
12 12 12 12
-10 -10 -10 9
-9 -9 -9 9
-8 -8 -8 10
-7 -7 -7 10
-6 -6 -6 11
-5 -5 -5 11
-4 -4 -4 11
-3 -3 -3 12
-2 -2 -2 12
-1 -1 -1 12
0 0 0 11
1 1 1 11
2 2 2 10
3 3 3 10
4 4 4 10
5 5 5 9
6 6 6 9
7 7 7 9
8 8 8 10
9 9 9 10
10 10 10 10
11 11 11 11
12 12 12 11
-10 -10 -10 9
-9 -9 -9 9
-8 -8 -8 10
-7 -7 -7 10
-6 -6 -6 11
-5 -5 -5 12
-4 -4 -4 12
-3 -3 -3 12
-2 -2 -2 12
-1 -1 -1 11
0 0 0 10
1 1 1 10
2 2 2 9
3 3 3 9
4 4 4 9
5 5 5 9
6 6 6 8
7 7 7 9
8 8 8 9
9 9 9 9
10 10 10 9
11 11 11 10
12 12 12 10
-9 -9 -9 9
-8 -8 -8 9
-7 -7 -7 10
-6 -6 -6 11
-5 -5 -5 11
-4 -4 -4 11
-3 -3 -3 11
-2 -2 -2 11
-1 -1 -1 10
0 0 0 10
1 1 1 9
2 2 2 9
3 3 3 8
4 4 4 8
5 5 5 8
6 6 6 8
7 7 7 8
8 8 8 8
9 9 9 8
10 10 10 9
11 11 11 9
-9 -9 -9 8
-8 -8 -8 9
-7 -7 -7 10
-6 -6 -6 10
-5 -5 -5 10
-4 -4 -4 10
-3 -3 -3 10
-2 -2 -2 10
-1 -1 -1 10
0 0 0 9
1 1 1 8
2 2 2 8
3 3 3 7
4 4 4 7
5 5 5 7
6 6 6 7
7 7 7 7
8 8 8 7
9 9 9 7
10 10 10 8
11 11 11 8
-8 -8 -8 9
-7 -7 -7 9
-6 -6 -6 9
-5 -5 -5 9
-4 -4 -4 9
-3 -3 -3 9
-2 -2 -2 9
-1 -1 -1 9
0 0 0 8
1 1 1 8
2 2 2 7
3 3 3 7
4 4 4 6
5 5 5 6
6 6 6 6
7 7 7 6
8 8 8 6
9 9 9 7
10 10 10 7
-8 -8 -8 9
-7 -7 -7 9
-6 -6 -6 8
-5 -5 -5 8
-4 -4 -4 8
-3 -3 -3 8
-2 -2 -2 8
-1 -1 -1 8
0 0 0 8
1 1 1 7
2 2 2 6
3 3 3 6
4 4 4 6
5 5 5 5
6 6 6 5
7 7 7 5
8 8 8 6
9 9 9 6
10 10 10 6
-7 -7 -7 8
-6 -6 -6 8
-5 -5 -5 7
-4 -4 -4 7
-3 -3 -3 7
-2 -2 -2 7
-1 -1 -1 7
0 0 0 7
1 1 1 7
2 2 2 6
3 3 3 5
4 4 4 5
5 5 5 5
6 6 6 5
7 7 7 5
8 8 8 5
9 9 9 5
-6 -6 -6 7
-5 -5 -5 6
-4 -4 -4 6
-3 -3 -3 6
-2 -2 -2 6
-1 -1 -1 6
0 0 0 6
1 1 1 6
2 2 2 6
3 3 3 5
4 4 4 4
5 5 5 4
6 6 6 4
7 7 7 4
8 8 8 4
-5 -5 -5 5
-4 -4 -4 5
-3 -3 -3 5
-2 -2 -2 5
-1 -1 -1 5
0 0 0 5
1 1 1 5
2 2 2 5
3 3 3 5
4 4 4 4
5 5 5 4
6 6 6 4
7 7 7 4
-3 -3 -3 4
-2 -2 -2 4
-1 -1 -1 4
0 0 0 4
1 1 1 5
2 2 2 5
3 3 3 5
4 4 4 4
5 5 5 4
-1 -1 -1 3
0 0 0 3
1 1 1 4
2 2 2 5
3 3 3 5
-1 -1 -1 12
0 0 0 13
1 1 1 13
2 2 2 14
3 3 3 15
-3 -3 -3 11
-2 -2 -2 11
-1 -1 -1 12
0 0 0 12
1 1 1 13
2 2 2 13
3 3 3 14
4 4 4 15
5 5 5 14
-5 -5 -5 10
-4 -4 -4 10
-3 -3 -3 10
-2 -2 -2 11
-1 -1 -1 11
0 0 0 12
1 1 1 12
2 2 2 13
3 3 3 14
4 4 4 14
5 5 5 14
6 6 6 14
7 7 7 13
-6 -6 -6 9
-5 -5 -5 9
-4 -4 -4 9
-3 -3 -3 10
-2 -2 -2 10
-1 -1 -1 11
0 0 0 11
1 1 1 12
2 2 2 13
3 3 3 13
4 4 4 14
5 5 5 14
6 6 6 14
7 7 7 13
8 8 8 12
-7 -7 -7 8
-6 -6 -6 9
-5 -5 -5 9
-4 -4 -4 9
-3 -3 -3 9
-2 -2 -2 10
-1 -1 -1 10
0 0 0 11
1 1 1 12
2 2 2 12
3 3 3 13
4 4 4 14
5 5 5 14
6 6 6 14
7 7 7 13
8 8 8 12
9 9 9 12
-8 -8 -8 8
-7 -7 -7 8
-6 -6 -6 8
-5 -5 -5 8
-4 -4 -4 9
-3 -3 -3 9
-2 -2 -2 9
-1 -1 -1 10
0 0 0 11
1 1 1 11
2 2 2 12
3 3 3 13
4 4 4 13
5 5 5 14
6 6 6 14
7 7 7 13
8 8 8 13
9 9 9 12
10 10 10 12
-9 -9 -9 8
-8 -8 -8 8
-7 -7 -7 8
-6 -6 -6 8
-5 -5 -5 8
-4 -4 -4 8
-3 -3 -3 9
-2 -2 -2 9
-1 -1 -1 10
0 0 0 10
1 1 1 11
2 2 2 12
3 3 3 12
4 4 4 13
5 5 5 14
6 6 6 14
7 7 7 14
8 8 8 13
9 9 9 12
10 10 10 12
11 11 11 11
-9 -9 -9 8
-8 -8 -8 8
-7 -7 -7 8
-6 -6 -6 8
-5 -5 -5 8
-4 -4 -4 8
-3 -3 -3 9
-2 -2 -2 9
-1 -1 -1 10
0 0 0 10
1 1 1 11
2 2 2 12
3 3 3 12
4 4 4 13
5 5 5 14
6 6 6 15
7 7 7 14
8 8 8 13
9 9 9 13
10 10 10 12
11 11 11 12
-10 -10 -10 7
-9 -9 -9 8
-8 -8 -8 8
-7 -7 -7 8
-6 -6 -6 8
-5 -5 -5 8
-4 -4 -4 8
-3 -3 -3 8
-2 -2 -2 9
-1 -1 -1 10
0 0 0 10
1 1 1 11
2 2 2 12
3 3 3 12
4 4 4 13
5 5 5 14
6 6 6 15
7 7 7 14
8 8 8 14
9 9 9 13
10 10 10 13
11 11 11 12
12 12 12 12
-10 -10 -10 7
-9 -9 -9 8
-8 -8 -8 8
-7 -7 -7 8
-6 -6 -6 8
-5 -5 -5 8
-4 -4 -4 8
-3 -3 -3 9
-2 -2 -2 9
-1 -1 -1 10
0 0 0 10
1 1 1 11
2 2 2 12
3 3 3 12
4 4 4 13
5 5 5 14
6 6 6 15
7 7 7 15
8 8 8 14
9 9 9 14
10 10 10 13
11 11 11 13
12 12 12 12
-11 -11 -11 6
-10 -10 -10 7
-9 -9 -9 7
-8 -8 -8 8
-7 -7 -7 8
-6 -6 -6 8
-5 -5 -5 8
-4 -4 -4 8
-3 -3 -3 9
-2 -2 -2 9
-1 -1 -1 10
0 0 0 10
1 1 1 11
2 2 2 12
3 3 3 12
4 4 4 13
5 5 5 14
6 6 6 14
7 7 7 14
8 8 8 15
9 9 9 14
10 10 10 14
11 11 11 13
12 12 12 13
13 13 13 13
-11 -11 -11 6
-10 -10 -10 7
-9 -9 -9 7
-8 -8 -8 8
-7 -7 -7 8
-6 -6 -6 8
-5 -5 -5 8
-4 -4 -4 9
-3 -3 -3 9
-2 -2 -2 9
-1 -1 -1 10
0 0 0 11
1 1 1 11
2 2 2 12
3 3 3 13
4 4 4 13
5 5 5 13
6 6 6 13
7 7 7 13
8 8 8 14
9 9 9 14
10 10 10 14
11 11 11 14
12 12 12 14
13 13 13 13
-11 -11 -11 6
-10 -10 -10 7
-9 -9 -9 7
-8 -8 -8 8
-7 -7 -7 8
-6 -6 -6 9
-5 -5 -5 9
-4 -4 -4 9
-3 -3 -3 9
-2 -2 -2 10
-1 -1 -1 10
0 0 0 11
1 1 1 12
2 2 2 12
3 3 3 13
4 4 4 13
5 5 5 13
6 6 6 13
7 7 7 13
8 8 8 13
9 9 9 13
10 10 10 13
11 11 11 13
12 12 12 14
13 13 13 14
-11 -11 -11 7
-10 -10 -10 7
-9 -9 -9 8
-8 -8 -8 8
-7 -7 -7 9
-6 -6 -6 9
-5 -5 -5 9
-4 -4 -4 9
-3 -3 -3 10
-2 -2 -2 10
-1 -1 -1 11
0 0 0 11
1 1 1 12
2 2 2 12
3 3 3 12
4 4 4 12
5 5 5 12
6 6 6 12
7 7 7 12
8 8 8 12
9 9 9 12
10 10 10 12
11 11 11 13
12 12 12 13
13 13 13 13
-11 -11 -11 7
-10 -10 -10 7
-9 -9 -9 8
-8 -8 -8 9
-7 -7 -7 9
-6 -6 -6 10
-5 -5 -5 10
-4 -4 -4 10
-3 -3 -3 10
-2 -2 -2 11
-1 -1 -1 11
0 0 0 12
1 1 1 12
2 2 2 11
3 3 3 11
4 4 4 11
5 5 5 11
6 6 6 11
7 7 7 11
8 8 8 11
9 9 9 11
10 10 10 11
11 11 11 12
12 12 12 12
13 13 13 13
-11 -11 -11 7
-10 -10 -10 8
-9 -9 -9 8
-8 -8 -8 9
-7 -7 -7 10
-6 -6 -6 10
-5 -5 -5 10
-4 -4 -4 11
-3 -3 -3 11
-2 -2 -2 11
-1 -1 -1 12
0 0 0 11
1 1 1 11
2 2 2 11
3 3 3 10
4 4 4 10
5 5 5 10
6 6 6 10
7 7 7 10
8 8 8 10
9 9 9 10
10 10 10 11
11 11 11 11
12 12 12 11
13 13 13 12
-11 -11 -11 7
-10 -10 -10 8
-9 -9 -9 8
-8 -8 -8 9
-7 -7 -7 10
-6 -6 -6 10
-5 -5 -5 11
-4 -4 -4 11
-3 -3 -3 12
-2 -2 -2 12
-1 -1 -1 11
0 0 0 11
1 1 1 10
2 2 2 10
3 3 3 9
4 4 4 9
5 5 5 9
6 6 6 9
7 7 7 9
8 8 8 9
9 9 9 9
10 10 10 10
11 11 11 10
12 12 12 11
13 13 13 11
-10 -10 -10 7
-9 -9 -9 8
-8 -8 -8 9
-7 -7 -7 9
-6 -6 -6 10
-5 -5 -5 11
-4 -4 -4 11
-3 -3 -3 11
-2 -2 -2 11
-1 -1 -1 11
0 0 0 10
1 1 1 9
2 2 2 9
3 3 3 9
4 4 4 8
5 5 5 8
6 6 6 8
7 7 7 8
8 8 8 8
9 9 9 9
10 10 10 9
11 11 11 9
12 12 12 10
-10 -10 -10 7
-9 -9 -9 8
-8 -8 -8 8
-7 -7 -7 9
-6 -6 -6 10
-5 -5 -5 10
-4 -4 -4 10
-3 -3 -3 10
-2 -2 -2 10
-1 -1 -1 10
0 0 0 9
1 1 1 9
2 2 2 8
3 3 3 8
4 4 4 8
5 5 5 7
6 6 6 7
7 7 7 7
8 8 8 8
9 9 9 8
10 10 10 8
11 11 11 9
12 12 12 9
-9 -9 -9 7
-8 -8 -8 8
-7 -7 -7 9
-6 -6 -6 9
-5 -5 -5 9
-4 -4 -4 9
-3 -3 -3 9
-2 -2 -2 9
-1 -1 -1 9
0 0 0 9
1 1 1 8
2 2 2 8
3 3 3 7
4 4 4 7
5 5 5 7
6 6 6 7
7 7 7 7
8 8 8 7
9 9 9 7
10 10 10 8
11 11 11 8
-9 -9 -9 7
-8 -8 -8 8
-7 -7 -7 9
-6 -6 -6 9
-5 -5 -5 8
-4 -4 -4 8
-3 -3 -3 8
-2 -2 -2 8
-1 -1 -1 8
0 0 0 8
1 1 1 8
2 2 2 7
3 3 3 7
4 4 4 6
5 5 5 6
6 6 6 6
7 7 7 6
8 8 8 6
9 9 9 7
10 10 10 7
11 11 11 8
-8 -8 -8 8
-7 -7 -7 8
-6 -6 -6 8
-5 -5 -5 7
-4 -4 -4 7
-3 -3 -3 7
-2 -2 -2 7
-1 -1 -1 7
0 0 0 7
1 1 1 7
2 2 2 7
3 3 3 6
4 4 4 6
5 5 5 5
6 6 6 5
7 7 7 5
8 8 8 6
9 9 9 6
10 10 10 7
-7 -7 -7 7
-6 -6 -6 7
-5 -5 -5 6
-4 -4 -4 6
-3 -3 -3 6
-2 -2 -2 6
-1 -1 -1 6
0 0 0 6
1 1 1 6
2 2 2 6
3 3 3 6
4 4 4 5
5 5 5 5
6 6 6 5
7 7 7 5
8 8 8 5
9 9 9 6
-6 -6 -6 6
-5 -5 -5 5
-4 -4 -4 5
-3 -3 -3 5
-2 -2 -2 5
-1 -1 -1 5
0 0 0 5
1 1 1 5
2 2 2 6
3 3 3 5
4 4 4 5
5 5 5 5
6 6 6 5
7 7 7 5
8 8 8 5
-5 -5 -5 5
-4 -4 -4 4
-3 -3 -3 4
-2 -2 -2 4
-1 -1 -1 4
0 0 0 4
1 1 1 5
2 2 2 5
3 3 3 5
4 4 4 5
5 5 5 5
6 6 6 5
7 7 7 5
-3 -3 -3 3
-2 -2 -2 3
-1 -1 -1 3
0 0 0 3
1 1 1 4
2 2 2 5
3 3 3 5
4 4 4 5
5 5 5 5
-1 -1 -1 2
0 0 0 3
1 1 1 3
2 2 2 4
3 3 3 5
-1 -1 -1 12
0 0 0 13
1 1 1 13
2 2 2 14
3 3 3 15
-3 -3 -3 11
-2 -2 -2 11
-1 -1 -1 12
0 0 0 12
1 1 1 13
2 2 2 13
3 3 3 14
4 4 4 15
5 5 5 14
-5 -5 -5 10
-4 -4 -4 10
-3 -3 -3 10
-2 -2 -2 11
-1 -1 -1 11
0 0 0 12
1 1 1 12
2 2 2 13
3 3 3 14
4 4 4 14
5 5 5 14
6 6 6 13
7 7 7 12
-7 -7 -7 9
-6 -6 -6 9
-5 -5 -5 9
-4 -4 -4 9
-3 -3 -3 10
-2 -2 -2 10
-1 -1 -1 11
0 0 0 11
1 1 1 12
2 2 2 12
3 3 3 13
4 4 4 14
5 5 5 14
6 6 6 13
7 7 7 12
8 8 8 12
9 9 9 11
-8 -8 -8 8
-7 -7 -7 8
-6 -6 -6 8
-5 -5 -5 8
-4 -4 -4 9
-3 -3 -3 9
-2 -2 -2 9
-1 -1 -1 10
0 0 0 11
1 1 1 11
2 2 2 12
3 3 3 13
4 4 4 13
5 5 5 14
6 6 6 13
7 7 7 12
8 8 8 12
9 9 9 11
10 10 10 10
-9 -9 -9 8
-8 -8 -8 8
-7 -7 -7 8
-6 -6 -6 8
-5 -5 -5 8
-4 -4 -4 8
-3 -3 -3 9
-2 -2 -2 9
-1 -1 -1 10
0 0 0 10
1 1 1 11
2 2 2 12
3 3 3 12
4 4 4 13
5 5 5 14
6 6 6 13
7 7 7 12
8 8 8 12
9 9 9 11
10 10 10 11
11 11 11 10
-9 -9 -9 7
-8 -8 -8 7
-7 -7 -7 7
-6 -6 -6 7
-5 -5 -5 7
-4 -4 -4 8
-3 -3 -3 8
-2 -2 -2 9
-1 -1 -1 9
0 0 0 10
1 1 1 11
2 2 2 11
3 3 3 12
4 4 4 13
5 5 5 14
6 6 6 13
7 7 7 13
8 8 8 12
9 9 9 11
10 10 10 11
11 11 11 10
-10 -10 -10 7
-9 -9 -9 7
-8 -8 -8 7
-7 -7 -7 7
-6 -6 -6 7
-5 -5 -5 7
-4 -4 -4 7
-3 -3 -3 8
-2 -2 -2 8
-1 -1 -1 9
0 0 0 10
1 1 1 10
2 2 2 11
3 3 3 12
4 4 4 13
5 5 5 14
6 6 6 14
7 7 7 13
8 8 8 12
9 9 9 12
10 10 10 11
11 11 11 11
12 12 12 10
-10 -10 -10 7
-9 -9 -9 7
-8 -8 -8 7
-7 -7 -7 7
-6 -6 -6 7
-5 -5 -5 7
-4 -4 -4 7
-3 -3 -3 8
-2 -2 -2 8
-1 -1 -1 9
0 0 0 9
1 1 1 10
2 2 2 11
3 3 3 12
4 4 4 13
5 5 5 13
6 6 6 14
7 7 7 13
8 8 8 13
9 9 9 12
10 10 10 11
11 11 11 11
12 12 12 11
-11 -11 -11 6
-10 -10 -10 7
-9 -9 -9 7
-8 -8 -8 7
-7 -7 -7 7
-6 -6 -6 7
-5 -5 -5 7
-4 -4 -4 7
-3 -3 -3 8
-2 -2 -2 8
-1 -1 -1 9
0 0 0 9
1 1 1 10
2 2 2 11
3 3 3 12
4 4 4 13
5 5 5 13
6 6 6 14
7 7 7 14
8 8 8 13
9 9 9 12
10 10 10 12
11 11 11 11
12 12 12 11
13 13 13 11
-11 -11 -11 6
-10 -10 -10 6
-9 -9 -9 7
-8 -8 -8 7
-7 -7 -7 7
-6 -6 -6 7
-5 -5 -5 7
-4 -4 -4 7
-3 -3 -3 8
-2 -2 -2 8
-1 -1 -1 9
0 0 0 9
1 1 1 10
2 2 2 11
3 3 3 12
4 4 4 13
5 5 5 13
6 6 6 14
7 7 7 14
8 8 8 13
9 9 9 13
10 10 10 12
11 11 11 12
12 12 12 12
13 13 13 11
-12 -12 -12 5
-11 -11 -11 5
-10 -10 -10 6
-9 -9 -9 7
-8 -8 -8 7
-7 -7 -7 7
-6 -6 -6 7
-5 -5 -5 7
-4 -4 -4 7
-3 -3 -3 8
-2 -2 -2 8
-1 -1 -1 9
0 0 0 10
1 1 1 10
2 2 2 11
3 3 3 12
4 4 4 13
5 5 5 14
6 6 6 14
7 7 7 15
8 8 8 14
9 9 9 13
10 10 10 13
11 11 11 13
12 12 12 12
13 13 13 12
14 14 14 12
-12 -12 -12 5
-11 -11 -11 5
-10 -10 -10 6
-9 -9 -9 7
-8 -8 -8 7
-7 -7 -7 7
-6 -6 -6 7
-5 -5 -5 7
-4 -4 -4 8
-3 -3 -3 8
-2 -2 -2 9
-1 -1 -1 9
0 0 0 10
1 1 1 11
2 2 2 11
3 3 3 12
4 4 4 13
5 5 5 14
6 6 6 14
7 7 7 14
8 8 8 14
9 9 9 14
10 10 10 14
11 11 11 13
12 12 12 13
13 13 13 13
14 14 14 12
-12 -12 -12 5
-11 -11 -11 5
-10 -10 -10 6
-9 -9 -9 7
-8 -8 -8 7
-7 -7 -7 8
-6 -6 -6 8
-5 -5 -5 8
-4 -4 -4 8
-3 -3 -3 9
-2 -2 -2 9
-1 -1 -1 10
0 0 0 10
1 1 1 11
2 2 2 12
3 3 3 12
4 4 4 13
5 5 5 13
6 6 6 13
7 7 7 13
8 8 8 13
9 9 9 13
10 10 10 14
11 11 11 14
12 12 12 14
13 13 13 13
14 14 14 13
-12 -12 -12 5
-11 -11 -11 6
-10 -10 -10 6
-9 -9 -9 7
-8 -8 -8 8
-7 -7 -7 8
-6 -6 -6 8
-5 -5 -5 8
-4 -4 -4 9
-3 -3 -3 9
-2 -2 -2 9
-1 -1 -1 10
0 0 0 11
1 1 1 11
2 2 2 12
3 3 3 12
4 4 4 12
5 5 5 12
6 6 6 12
7 7 7 12
8 8 8 12
9 9 9 12
10 10 10 13
11 11 11 13
12 12 12 13
13 13 13 14
14 14 14 14
-12 -12 -12 6
-11 -11 -11 6
-10 -10 -10 7
-9 -9 -9 7
-8 -8 -8 8
-7 -7 -7 9
-6 -6 -6 9
-5 -5 -5 9
-4 -4 -4 9
-3 -3 -3 10
-2 -2 -2 10
-1 -1 -1 11
0 0 0 11
1 1 1 12
2 2 2 12
3 3 3 12
4 4 4 11
5 5 5 11
6 6 6 11
7 7 7 11
8 8 8 11
9 9 9 12
10 10 10 12
11 11 11 12
12 12 12 13
13 13 13 13
14 14 14 14
-12 -12 -12 6
-11 -11 -11 7
-10 -10 -10 7
-9 -9 -9 8
-8 -8 -8 8
-7 -7 -7 9
-6 -6 -6 9
-5 -5 -5 10
-4 -4 -4 10
-3 -3 -3 10
-2 -2 -2 11
-1 -1 -1 11
0 0 0 12
1 1 1 11
2 2 2 11
3 3 3 11
4 4 4 11
5 5 5 10
6 6 6 10
7 7 7 10
8 8 8 11
9 9 9 11
10 10 10 11
11 11 11 11
12 12 12 12
13 13 13 12
14 14 14 13
-12 -12 -12 6
-11 -11 -11 7
-10 -10 -10 7
-9 -9 -9 8
-8 -8 -8 8
-7 -7 -7 9
-6 -6 -6 10
-5 -5 -5 10
-4 -4 -4 11
-3 -3 -3 11
-2 -2 -2 11
-1 -1 -1 12
0 0 0 11
1 1 1 11
2 2 2 10
3 3 3 10
4 4 4 10
5 5 5 10
6 6 6 10
7 7 7 10
8 8 8 10
9 9 9 10
10 10 10 10
11 11 11 11
12 12 12 11
13 13 13 12
14 14 14 12
-11 -11 -11 6
-10 -10 -10 7
-9 -9 -9 7
-8 -8 -8 8
-7 -7 -7 9
-6 -6 -6 9
-5 -5 -5 10
-4 -4 -4 11
-3 -3 -3 11
-2 -2 -2 11
-1 -1 -1 11
0 0 0 11
1 1 1 10
2 2 2 10
3 3 3 9
4 4 4 9
5 5 5 9
6 6 6 9
7 7 7 9
8 8 8 9
9 9 9 9
10 10 10 10
11 11 11 10
12 12 12 11
13 13 13 11
-11 -11 -11 6
-10 -10 -10 6
-9 -9 -9 7
-8 -8 -8 8
-7 -7 -7 8
-6 -6 -6 9
-5 -5 -5 10
-4 -4 -4 10
-3 -3 -3 10
-2 -2 -2 10
-1 -1 -1 10
0 0 0 10
1 1 1 9
2 2 2 9
3 3 3 9
4 4 4 8
5 5 5 8
6 6 6 8
7 7 7 8
8 8 8 8
9 9 9 9
10 10 10 9
11 11 11 9
12 12 12 10
13 13 13 11
-10 -10 -10 6
-9 -9 -9 7
-8 -8 -8 7
-7 -7 -7 8
-6 -6 -6 9
-5 -5 -5 9
-4 -4 -4 9
-3 -3 -3 9
-2 -2 -2 9
-1 -1 -1 9
0 0 0 9
1 1 1 9
2 2 2 8
3 3 3 8
4 4 4 8
5 5 5 7
6 6 6 7
7 7 7 7
8 8 8 8
9 9 9 8
10 10 10 8
11 11 11 9
12 12 12 9
-10 -10 -10 6
-9 -9 -9 7
-8 -8 -8 7
-7 -7 -7 8
-6 -6 -6 9
-5 -5 -5 8
-4 -4 -4 8
-3 -3 -3 8
-2 -2 -2 8
-1 -1 -1 8
0 0 0 8
1 1 1 8
2 2 2 8
3 3 3 7
4 4 4 7
5 5 5 7
6 6 6 7
7 7 7 7
8 8 8 7
9 9 9 7
10 10 10 8
11 11 11 8
12 12 12 9
-9 -9 -9 7
-8 -8 -8 7
-7 -7 -7 8
-6 -6 -6 8
-5 -5 -5 7
-4 -4 -4 7
-3 -3 -3 7
-2 -2 -2 7
-1 -1 -1 7
0 0 0 7
1 1 1 7
2 2 2 7
3 3 3 7
4 4 4 7
5 5 5 6
6 6 6 6
7 7 7 6
8 8 8 7
9 9 9 7
10 10 10 7
11 11 11 8
-9 -9 -9 7
-8 -8 -8 8
-7 -7 -7 8
-6 -6 -6 7
-5 -5 -5 7
-4 -4 -4 6
-3 -3 -3 6
-2 -2 -2 6
-1 -1 -1 6
0 0 0 6
1 1 1 7
2 2 2 7
3 3 3 7
4 4 4 6
5 5 5 6
6 6 6 6
7 7 7 6
8 8 8 6
9 9 9 7
10 10 10 7
11 11 11 8
-8 -8 -8 8
-7 -7 -7 7
-6 -6 -6 6
-5 -5 -5 6
-4 -4 -4 5
-3 -3 -3 5
-2 -2 -2 5
-1 -1 -1 5
0 0 0 5
1 1 1 6
2 2 2 6
3 3 3 6
4 4 4 6
5 5 5 6
6 6 6 6
7 7 7 6
8 8 8 6
9 9 9 6
10 10 10 7
-7 -7 -7 6
-6 -6 -6 6
-5 -5 -5 5
-4 -4 -4 4
-3 -3 -3 4
-2 -2 -2 4
-1 -1 -1 4
0 0 0 4
1 1 1 5
2 2 2 6
3 3 3 6
4 4 4 6
5 5 5 6
6 6 6 6
7 7 7 6
8 8 8 6
9 9 9 6
-5 -5 -5 4
-4 -4 -4 4
-3 -3 -3 3
-2 -2 -2 3
-1 -1 -1 3
0 0 0 4
1 1 1 4
2 2 2 5
3 3 3 6
4 4 4 6
5 5 5 6
6 6 6 6
7 7 7 6
-3 -3 -3 3
-2 -2 -2 2
-1 -1 -1 3
0 0 0 3
1 1 1 4
2 2 2 4
3 3 3 5
4 4 4 6
5 5 5 6
-1 -1 -1 2
0 0 0 3
1 1 1 3
2 2 2 4
3 3 3 5
-1 -1 -1 13
0 0 0 13
1 1 1 14
2 2 2 14
3 3 3 15
-4 -4 -4 11
-3 -3 -3 11
-2 -2 -2 11
-1 -1 -1 12
0 0 0 12
1 1 1 13
2 2 2 14
3 3 3 14
4 4 4 14
5 5 5 13
6 6 6 13
-6 -6 -6 10
-5 -5 -5 10
-4 -4 -4 10
-3 -3 -3 10
-2 -2 -2 11
-1 -1 -1 11
0 0 0 12
1 1 1 12
2 2 2 13
3 3 3 14
4 4 4 14
5 5 5 13
6 6 6 12
7 7 7 12
8 8 8 11
-7 -7 -7 9
-6 -6 -6 9
-5 -5 -5 9
-4 -4 -4 9
-3 -3 -3 10
-2 -2 -2 10
-1 -1 -1 11
0 0 0 11
1 1 1 12
2 2 2 12
3 3 3 13
4 4 4 14
5 5 5 13
6 6 6 12
7 7 7 12
8 8 8 11
9 9 9 10
-8 -8 -8 8
-7 -7 -7 8
-6 -6 -6 8
-5 -5 -5 8
-4 -4 -4 9
-3 -3 -3 9
-2 -2 -2 9
-1 -1 -1 10
0 0 0 11
1 1 1 11
2 2 2 12
3 3 3 13
4 4 4 13
5 5 5 13
6 6 6 12
7 7 7 12
8 8 8 11
9 9 9 10
10 10 10 10
-9 -9 -9 8
-8 -8 -8 7
-7 -7 -7 7
-6 -6 -6 7
-5 -5 -5 8
-4 -4 -4 8
-3 -3 -3 8
-2 -2 -2 9
-1 -1 -1 9
0 0 0 10
1 1 1 11
2 2 2 11
3 3 3 12
4 4 4 13
5 5 5 13
6 6 6 12
7 7 7 12
8 8 8 11
9 9 9 10
10 10 10 10
11 11 11 9
-10 -10 -10 7
-9 -9 -9 7
-8 -8 -8 7
-7 -7 -7 7
-6 -6 -6 7
-5 -5 -5 7
-4 -4 -4 7
-3 -3 -3 8
-2 -2 -2 8
-1 -1 -1 9
0 0 0 10
1 1 1 10
2 2 2 11
3 3 3 12
4 4 4 13
5 5 5 13
6 6 6 12
7 7 7 12
8 8 8 11
9 9 9 10
10 10 10 10
11 11 11 9
12 12 12 9
-11 -11 -11 7
-10 -10 -10 7
-9 -9 -9 7
-8 -8 -8 6
-7 -7 -7 6
-6 -6 -6 6
-5 -5 -5 7
-4 -4 -4 7
-3 -3 -3 7
-2 -2 -2 8
-1 -1 -1 9
0 0 0 9
1 1 1 10
2 2 2 11
3 3 3 12
4 4 4 12
5 5 5 13
6 6 6 13
7 7 7 12
8 8 8 11
9 9 9 11
10 10 10 10
11 11 11 9
12 12 12 9
13 13 13 9
-11 -11 -11 7
-10 -10 -10 7
-9 -9 -9 6
-8 -8 -8 6
-7 -7 -7 6
-6 -6 -6 6
-5 -5 -5 6
-4 -4 -4 7
-3 -3 -3 7
-2 -2 -2 8
-1 -1 -1 8
0 0 0 9
1 1 1 10
2 2 2 11
3 3 3 11
4 4 4 12
5 5 5 13
6 6 6 13
7 7 7 12
8 8 8 12
9 9 9 11
10 10 10 10
11 11 11 10
12 12 12 9
13 13 13 9
-12 -12 -12 6
-11 -11 -11 6
-10 -10 -10 6
-9 -9 -9 6
-8 -8 -8 6
-7 -7 -7 6
-6 -6 -6 6
-5 -5 -5 6
-4 -4 -4 6
-3 -3 -3 7
-2 -2 -2 7
-1 -1 -1 8
0 0 0 9
1 1 1 10
2 2 2 10
3 3 3 11
4 4 4 12
5 5 5 13
6 6 6 13
7 7 7 13
8 8 8 12
9 9 9 11
10 10 10 11
11 11 11 10
12 12 12 10
13 13 13 9
14 14 14 9
-12 -12 -12 5
-11 -11 -11 5
-10 -10 -10 6
-9 -9 -9 6
-8 -8 -8 6
-7 -7 -7 6
-6 -6 -6 6
-5 -5 -5 6
-4 -4 -4 6
-3 -3 -3 7
-2 -2 -2 7
-1 -1 -1 8
0 0 0 9
1 1 1 10
2 2 2 10
3 3 3 11
4 4 4 12
5 5 5 13
6 6 6 14
7 7 7 13
8 8 8 12
9 9 9 12
10 10 10 11
11 11 11 11
12 12 12 10
13 13 13 10
14 14 14 10
-12 -12 -12 4
-11 -11 -11 5
-10 -10 -10 6
-9 -9 -9 6
-8 -8 -8 6
-7 -7 -7 6
-6 -6 -6 6
-5 -5 -5 6
-4 -4 -4 6
-3 -3 -3 7
-2 -2 -2 7
-1 -1 -1 8
0 0 0 9
1 1 1 10
2 2 2 10
3 3 3 11
4 4 4 12
5 5 5 13
6 6 6 14
7 7 7 13
8 8 8 13
9 9 9 12
10 10 10 12
11 11 11 11
12 12 12 11
13 13 13 11
14 14 14 10
-13 -13 -13 4
-12 -12 -12 4
-11 -11 -11 5
-10 -10 -10 5
-9 -9 -9 6
-8 -8 -8 6
-7 -7 -7 6
-6 -6 -6 6
-5 -5 -5 6
-4 -4 -4 7
-3 -3 -3 7
-2 -2 -2 8
-1 -1 -1 8
0 0 0 9
1 1 1 10
2 2 2 11
3 3 3 11
4 4 4 12
5 5 5 13
6 6 6 14
7 7 7 14
8 8 8 13
9 9 9 13
10 10 10 12
11 11 11 12
12 12 12 12
13 13 13 11
14 14 14 11
15 15 15 11
-13 -13 -13 4
-12 -12 -12 4
-11 -11 -11 5
-10 -10 -10 5
-9 -9 -9 6
-8 -8 -8 6
-7 -7 -7 6
-6 -6 -6 6
-5 -5 -5 7
-4 -4 -4 7
-3 -3 -3 7
-2 -2 -2 8
-1 -1 -1 9
0 0 0 9
1 1 1 10
2 2 2 11
3 3 3 12
4 4 4 12
5 5 5 13
6 6 6 14
7 7 7 14
8 8 8 14
9 9 9 13
10 10 10 13
11 11 11 13
12 12 12 12
13 13 13 12
14 14 14 12
15 15 15 12
-13 -13 -13 4
-12 -12 -12 4
-11 -11 -11 5
-10 -10 -10 5
-9 -9 -9 6
-8 -8 -8 7
-7 -7 -7 7
-6 -6 -6 7
-5 -5 -5 7
-4 -4 -4 7
-3 -3 -3 8
-2 -2 -2 8
-1 -1 -1 9
0 0 0 10
1 1 1 10
2 2 2 11
3 3 3 12
4 4 4 13
5 5 5 13
6 6 6 13
7 7 7 13
8 8 8 14
9 9 9 14
10 10 10 14
11 11 11 13
12 12 12 13
13 13 13 13
14 14 14 12
15 15 15 12
-13 -13 -13 4
-12 -12 -12 4
-11 -11 -11 5
-10 -10 -10 6
-9 -9 -9 6
-8 -8 -8 7
-7 -7 -7 7
-6 -6 -6 7
-5 -5 -5 8
-4 -4 -4 8
-3 -3 -3 8
-2 -2 -2 9
-1 -1 -1 9
0 0 0 10
1 1 1 11
2 2 2 11
3 3 3 12
4 4 4 13
5 5 5 13
6 6 6 13
7 7 7 13
8 8 8 13
9 9 9 13
10 10 10 13
11 11 11 13
12 12 12 14
13 13 13 13
14 14 14 13
15 15 15 13
-13 -13 -13 5
-12 -12 -12 5
-11 -11 -11 5
-10 -10 -10 6
-9 -9 -9 7
-8 -8 -8 7
-7 -7 -7 8
-6 -6 -6 8
-5 -5 -5 8
-4 -4 -4 9
-3 -3 -3 9
-2 -2 -2 9
-1 -1 -1 10
0 0 0 11
1 1 1 11
2 2 2 12
3 3 3 12
4 4 4 12
5 5 5 12
6 6 6 12
7 7 7 12
8 8 8 12
9 9 9 12
10 10 10 12
11 11 11 13
12 12 12 13
13 13 13 14
14 14 14 14
15 15 15 14
-13 -13 -13 5
-12 -12 -12 6
-11 -11 -11 6
-10 -10 -10 6
-9 -9 -9 7
-8 -8 -8 8
-7 -7 -7 9
-6 -6 -6 9
-5 -5 -5 9
-4 -4 -4 9
-3 -3 -3 10
-2 -2 -2 10
-1 -1 -1 11
0 0 0 11
1 1 1 12
2 2 2 12
3 3 3 11
4 4 4 11
5 5 5 11
6 6 6 11
7 7 7 11
8 8 8 11
9 9 9 11
10 10 10 12
11 11 11 12
12 12 12 12
13 13 13 13
14 14 14 13
15 15 15 14
-13 -13 -13 5
-12 -12 -12 6
-11 -11 -11 6
-10 -10 -10 6
-9 -9 -9 7
-8 -8 -8 8
-7 -7 -7 9
-6 -6 -6 9
-5 -5 -5 10
-4 -4 -4 10
-3 -3 -3 10
-2 -2 -2 11
-1 -1 -1 11
0 0 0 12
1 1 1 11
2 2 2 11
3 3 3 11
4 4 4 10
5 5 5 10
6 6 6 10
7 7 7 10
8 8 8 10
9 9 9 11
10 10 10 11
11 11 11 11
12 12 12 12
13 13 13 12
14 14 14 13
15 15 15 13
-12 -12 -12 5
-11 -11 -11 5
-10 -10 -10 6
-9 -9 -9 7
-8 -8 -8 7
-7 -7 -7 8
-6 -6 -6 9
-5 -5 -5 10
-4 -4 -4 11
-3 -3 -3 11
-2 -2 -2 11
-1 -1 -1 11
0 0 0 11
1 1 1 11
2 2 2 10
3 3 3 10
4 4 4 10
5 5 5 9
6 6 6 9
7 7 7 9
8 8 8 10
9 9 9 10
10 10 10 10
11 11 11 11
12 12 12 11
13 13 13 12
14 14 14 12
-12 -12 -12 4
-11 -11 -11 5
-10 -10 -10 6
-9 -9 -9 6
-8 -8 -8 7
-7 -7 -7 8
-6 -6 -6 9
-5 -5 -5 10
-4 -4 -4 10
-3 -3 -3 10
-2 -2 -2 10
-1 -1 -1 10
0 0 0 10
1 1 1 10
2 2 2 10
3 3 3 9
4 4 4 9
5 5 5 9
6 6 6 9
7 7 7 9
8 8 8 9
9 9 9 9
10 10 10 10
11 11 11 10
12 12 12 11
13 13 13 11
14 14 14 12
-12 -12 -12 4
-11 -11 -11 5
-10 -10 -10 5
-9 -9 -9 6
-8 -8 -8 7
-7 -7 -7 8
-6 -6 -6 9
-5 -5 -5 9
-4 -4 -4 9
-3 -3 -3 9
-2 -2 -2 9
-1 -1 -1 9
0 0 0 9
1 1 1 9
2 2 2 9
3 3 3 9
4 4 4 8
5 5 5 8
6 6 6 8
7 7 7 8
8 8 8 8
9 9 9 9
10 10 10 9
11 11 11 9
12 12 12 10
13 13 13 11
14 14 14 11
-11 -11 -11 5
-10 -10 -10 5
-9 -9 -9 6
-8 -8 -8 7
-7 -7 -7 8
-6 -6 -6 8
-5 -5 -5 9
-4 -4 -4 8
-3 -3 -3 8
-2 -2 -2 8
-1 -1 -1 8
0 0 0 8
1 1 1 9
2 2 2 9
3 3 3 8
4 4 4 8
5 5 5 8
6 6 6 8
7 7 7 8
8 8 8 8
9 9 9 8
10 10 10 9
11 11 11 9
12 12 12 10
13 13 13 10
-11 -11 -11 5
-10 -10 -10 5
-9 -9 -9 6
-8 -8 -8 7
-7 -7 -7 8
-6 -6 -6 8
-5 -5 -5 8
-4 -4 -4 7
-3 -3 -3 7
-2 -2 -2 7
-1 -1 -1 7
0 0 0 7
1 1 1 8
2 2 2 8
3 3 3 8
4 4 4 7
5 5 5 7
6 6 6 7
7 7 7 7
8 8 8 7
9 9 9 8
10 10 10 8
11 11 11 9
12 12 12 9
13 13 13 10
-10 -10 -10 6
-9 -9 -9 6
-8 -8 -8 7
-7 -7 -7 8
-6 -6 -6 7
-5 -5 -5 7
-4 -4 -4 7
-3 -3 -3 6
-2 -2 -2 6
-1 -1 -1 6
0 0 0 7
1 1 1 7
2 2 2 7
3 3 3 7
4 4 4 7
5 5 5 7
6 6 6 7
7 7 7 7
8 8 8 7
9 9 9 7
10 10 10 8
11 11 11 8
12 12 12 9
-9 -9 -9 7
-8 -8 -8 7
-7 -7 -7 7
-6 -6 -6 7
-5 -5 -5 6
-4 -4 -4 6
-3 -3 -3 5
-2 -2 -2 5
-1 -1 -1 5
0 0 0 6
1 1 1 6
2 2 2 7
3 3 3 7
4 4 4 7
5 5 5 7
6 6 6 7
7 7 7 7
8 8 8 7
9 9 9 7
10 10 10 8
11 11 11 8
-8 -8 -8 7
-7 -7 -7 7
-6 -6 -6 6
-5 -5 -5 5
-4 -4 -4 5
-3 -3 -3 5
-2 -2 -2 5
-1 -1 -1 5
0 0 0 5
1 1 1 5
2 2 2 6
3 3 3 7
4 4 4 7
5 5 5 7
6 6 6 7
7 7 7 7
8 8 8 7
9 9 9 7
10 10 10 8
-7 -7 -7 6
-6 -6 -6 5
-5 -5 -5 5
-4 -4 -4 4
-3 -3 -3 4
-2 -2 -2 4
-1 -1 -1 4
0 0 0 4
1 1 1 5
2 2 2 5
3 3 3 6
4 4 4 7
5 5 5 7
6 6 6 7
7 7 7 7
8 8 8 7
9 9 9 7
-6 -6 -6 5
-5 -5 -5 4
-4 -4 -4 4
-3 -3 -3 3
-2 -2 -2 3
-1 -1 -1 3
0 0 0 4
1 1 1 4
2 2 2 5
3 3 3 6
4 4 4 7
5 5 5 7
6 6 6 7
7 7 7 7
8 8 8 7
-4 -4 -4 3
-3 -3 -3 3
-2 -2 -2 3
-1 -1 -1 3
0 0 0 3
1 1 1 4
2 2 2 5
3 3 3 5
4 4 4 6
5 5 5 7
6 6 6 7
-1 -1 -1 3
0 0 0 3
1 1 1 4
2 2 2 5
3 3 3 5
